res1	atom1	res2	atom2	0.25_0.75	0.75_1.25	1.25_1.75	1.75_2.25	2.25_2.75	2.75_3.25	3.25_3.75	3.75_4.25	4.25_4.75	4.75_5.25	5.25_5.75	5.75_6.25	6.25_6.75	6.75_7.25	7.25_7.75	7.75_8.25	8.25_8.75	8.75_9.25	9.25_9.75	9.75_10.25	10.25_10.75	10.75_11.25	11.25_11.75	11.75_12.25	12.25_12.75	12.75_13.25	13.25_13.75	13.75_14.25	14.25_14.75	14.75_15.25
ALA	CA	ALA	CA	-10.0	-10.0	-10.0	-10.0	-10.0	-10.0	-10.0	1.64	-1.02	0.0	1.23	0.62	0.63	-0.33	-0.58	-0.48	-0.1	0.33	0.07	0.3	0.25	0.16	-0.02	-0.03	0.08	-0.01	0.02	0.08	0.12	0.02
ALA	CA	ARG	CA	-10.0	-10.0	-10.0	-10.0	-10.0	-10.0	-10.0	1.61	-1.71	-0.41	1.03	0.47	0.37	-0.34	-0.64	-0.55	-0.2	0.2	-0.01	0.16	0.13	0.09	-0.08	-0.06	0.01	-0.02	0.0	0.0	0.1	0.02
ALA	CA	ASN	CA	-10.0	-10.0	-10.0	-10.0	-10.0	-10.0	-10.0	1.58	-1.78	-0.44	0.8	0.49	0.18	-0.31	-0.53	-0.56	-0.25	0.11	-0.07	0.1	0.11	0.03	-0.12	-0.1	0.01	-0.04	-0.03	0.02	0.05	0.02
ALA	CA	ASP	CA	-10.0	-10.0	-10.0	-10.0	-10.0	-10.0	-10.0	1.62	-2.09	-0.48	0.84	0.43	0.18	-0.42	-0.68	-0.54	-0.25	0.12	-0.09	0.07	0.09	0.02	-0.07	-0.09	0.03	0.0	0.02	0.02	0.11	0.02
ALA	CA	CYS	CA	-10.0	-10.0	-10.0	-10.0	-10.0	-10.0	-10.0	1.49	-1.44	-0.2	0.96	0.6	0.43	0.09	-0.27	-0.29	-0.02	0.36	0.13	0.3	0.29	0.23	-0.02	0.02	0.06	0.03	0.07	0.05	0.11	0.02
ALA	CA	GLN	CA	-10.0	-10.0	-10.0	-10.0	-10.0	-10.0	-5.07	1.7	-1.74	-0.31	1.09	0.38	0.34	-0.43	-0.53	-0.56	-0.2	0.17	-0.04	0.19	0.15	0.06	-0.09	-0.05	0.04	-0.0	-0.01	0.0	0.11	0.02
ALA	CA	GLU	CA	-10.0	-10.0	-10.0	-10.0	-10.0	-10.0	-6.22	1.75	-1.94	-0.46	1.14	0.44	0.33	-0.47	-0.73	-0.71	-0.24	0.24	-0.12	0.14	0.11	0.06	-0.11	-0.05	0.04	0.01	0.03	0.06	0.1	0.02
ALA	CA	GLY	CA	-10.0	-10.0	-10.0	-10.0	-10.0	-4.89	-4.8	1.53	-0.44	-0.03	0.69	0.39	0.2	-0.2	-0.36	-0.33	-0.09	0.16	0.03	0.16	0.11	0.03	-0.08	-0.07	-0.02	0.02	0.01	0.03	0.07	0.02
ALA	CA	HIS	CA	-10.0	-10.0	-10.0	-10.0	-10.0	-10.0	-10.0	1.42	-1.59	-0.38	0.71	0.4	0.16	-0.31	-0.61	-0.5	-0.19	0.12	-0.02	0.12	0.09	0.05	-0.06	-0.04	-0.01	-0.03	-0.03	0.01	0.11	0.02
ALA	CA	ILE	CA	-10.0	-10.0	-10.0	-10.0	-10.0	-10.0	-10.0	1.48	-1.33	-0.31	0.86	0.48	0.46	0.17	-0.13	-0.32	-0.19	0.13	0.07	0.32	0.34	0.24	0.11	0.08	0.09	0.06	0.04	0.02	0.08	0.02
ALA	CA	LEU	CA	-10.0	-10.0	-10.0	-10.0	-10.0	-10.0	-10.0	1.55	-1.64	-0.2	1.05	0.46	0.43	-0.07	-0.16	-0.23	-0.05	0.22	0.03	0.28	0.29	0.24	0.11	0.09	0.13	0.08	0.05	0.05	0.09	0.02
ALA	CA	LYS	CA	-10.0	-10.0	-10.0	-10.0	-10.0	-10.0	-4.96	1.77	-1.77	-0.4	1.1	0.44	0.36	-0.32	-0.61	-0.53	-0.22	0.25	-0.03	0.18	0.15	0.04	-0.1	-0.07	0.03	-0.03	0.02	0.03	0.08	0.02
ALA	CA	MET	CA	-10.0	-10.0	-10.0	-10.0	-10.0	-10.0	-10.0	1.47	-1.42	-0.18	0.97	0.38	0.38	-0.16	-0.44	-0.38	-0.07	0.21	0.08	0.25	0.23	0.21	0.03	0.03	0.08	0.03	0.04	0.04	0.1	0.02
ALA	CA	PHE	CA	-10.0	-10.0	-10.0	-10.0	-10.0	-10.0	-5.29	1.43	-1.41	-0.35	0.82	0.45	0.24	-0.13	-0.37	-0.35	-0.11	0.2	0.07	0.23	0.22	0.12	0.04	0.05	0.07	0.07	0.05	0.06	0.11	0.02
ALA	CA	PRO	CA	-10.0	-10.0	-10.0	-10.0	-10.0	-1.57	-3.7	1.52	-1.41	-0.39	0.31	0.36	0.36	0.01	-0.27	-0.31	-0.12	0.13	0.05	0.18	0.14	0.02	-0.03	0.01	0.03	0.04	0.04	0.05	0.03	0.02
ALA	CA	SER	CA	-10.0	-10.0	-10.0	-10.0	-10.0	-10.0	-10.0	1.52	-1.46	-0.43	0.89	0.38	0.24	-0.33	-0.56	-0.57	-0.21	0.16	-0.03	0.12	0.13	0.03	-0.11	-0.08	0.0	-0.05	-0.01	0.02	0.09	0.02
ALA	CA	THR	CA	-10.0	-10.0	-10.0	-10.0	-10.0	-10.0	-10.0	1.45	-1.45	-0.51	0.79	0.44	0.31	-0.01	-0.46	-0.5	-0.25	0.14	0.0	0.2	0.2	0.09	-0.06	-0.07	0.0	-0.02	-0.01	0.02	0.08	0.02
ALA	CA	TRP	CA	-10.0	-10.0	-10.0	-10.0	-10.0	-10.0	-3.93	1.37	-1.43	-0.35	0.8	0.44	0.23	-0.19	-0.48	-0.48	-0.16	0.13	-0.0	0.24	0.17	0.14	-0.08	0.03	0.05	-0.01	0.07	-0.01	0.08	0.02
ALA	CA	TYR	CA	-10.0	-10.0	-10.0	-10.0	-10.0	-10.0	-5.83	1.41	-1.21	-0.31	0.83	0.45	0.33	-0.16	-0.43	-0.52	-0.15	0.17	0.05	0.2	0.22	0.09	-0.04	-0.01	0.03	-0.01	0.04	0.04	0.07	0.02
ALA	CA	VAL	CA	-10.0	-10.0	-10.0	-10.0	-10.0	-6.31	-6.63	1.43	-1.25	-0.36	0.8	0.53	0.49	0.24	-0.21	-0.51	-0.25	0.1	0.08	0.33	0.31	0.21	0.05	0.03	0.05	0.01	-0.01	0.01	0.08	0.02
ARG	CA	ALA	CA	-10.0	-10.0	-10.0	-10.0	-10.0	-10.0	-10.0	1.61	-1.71	-0.41	1.03	0.47	0.37	-0.34	-0.64	-0.55	-0.2	0.2	-0.01	0.16	0.13	0.09	-0.08	-0.06	0.01	-0.02	0.0	0.0	0.1	0.02
ARG	CA	ARG	CA	-10.0	-10.0	-10.0	-10.0	-10.0	-10.0	-10.0	1.58	-1.8	-0.78	0.77	0.29	0.27	-0.23	-0.65	-0.76	-0.33	0.11	-0.11	0.09	0.07	0.03	-0.09	-0.14	0.0	-0.03	-0.01	-0.02	0.07	0.02
ARG	CA	ASN	CA	-10.0	-10.0	-10.0	-10.0	-10.0	-10.0	-10.0	1.69	-1.6	-0.26	0.71	0.47	0.3	-0.14	-0.49	-0.47	-0.19	0.09	-0.02	0.07	0.1	-0.01	-0.05	-0.04	0.02	-0.01	-0.01	0.01	0.07	0.02
ARG	CA	ASP	CA	-10.0	-10.0	-10.0	-10.0	-10.0	-10.0	-10.0	1.69	-1.51	-0.2	0.98	0.57	0.44	-0.06	-0.38	-0.41	-0.13	0.12	-0.0	0.1	0.17	0.07	-0.02	-0.04	0.03	0.0	0.01	-0.02	0.09	0.02
ARG	CA	CYS	CA	-10.0	-10.0	-10.0	-10.0	-10.0	-10.0	-10.0	1.56	-1.65	-0.7	0.69	0.39	0.29	-0.09	-0.4	-0.48	-0.14	0.15	0.02	0.14	0.16	0.07	-0.08	-0.09	0.0	-0.1	-0.05	-0.03	0.05	0.02
ARG	CA	GLN	CA	-10.0	-10.0	-10.0	-10.0	-10.0	-10.0	-10.0	1.7	-1.93	-0.18	0.92	0.31	0.29	-0.26	-0.6	-0.66	-0.42	0.11	-0.13	0.07	0.08	0.01	-0.13	-0.12	0.0	-0.08	-0.06	0.02	0.02	0.02
ARG	CA	GLU	CA	-10.0	-10.0	-10.0	-10.0	-10.0	-10.0	-10.0	1.82	-1.26	0.07	1.15	0.49	0.66	-0.14	-0.47	-0.53	-0.25	0.14	-0.07	0.15	0.19	0.15	-0.04	-0.0	0.04	0.03	0.03	0.0	0.08	0.02
ARG	CA	GLY	CA	-10.0	-10.0	-10.0	-10.0	-10.0	-10.0	-10.0	1.63	-0.96	-0.25	0.57	0.39	0.19	-0.09	-0.31	-0.33	-0.12	0.06	0.02	0.1	0.08	-0.01	-0.1	-0.09	-0.05	0.0	-0.01	0.0	0.06	0.02
ARG	CA	HIS	CA	-10.0	-10.0	-10.0	-10.0	-10.0	-10.0	-10.0	1.58	-1.61	-0.26	0.67	0.33	0.2	-0.2	-0.6	-0.52	-0.18	0.13	-0.02	0.05	0.09	0.01	-0.05	-0.02	0.01	-0.01	0.03	0.08	0.05	0.02
ARG	CA	ILE	CA	-10.0	-10.0	-10.0	-10.0	-10.0	-10.0	-10.0	1.61	-1.97	-0.85	0.68	0.39	0.34	-0.1	-0.55	-0.69	-0.37	-0.0	-0.1	0.19	0.28	0.16	0.01	0.01	0.05	0.02	0.04	0.02	0.08	0.02
ARG	CA	LEU	CA	-10.0	-10.0	-10.0	-10.0	-10.0	-10.0	-10.0	1.65	-2.27	-0.51	0.93	0.4	0.35	-0.24	-0.48	-0.49	-0.26	0.13	-0.06	0.18	0.25	0.19	0.06	0.06	0.13	0.06	0.03	0.04	0.09	0.02
ARG	CA	LYS	CA	-10.0	-10.0	-10.0	-10.0	-10.0	-10.0	-10.0	1.77	-1.78	-0.62	0.89	0.25	0.32	-0.29	-0.62	-0.64	-0.3	0.14	-0.11	0.1	0.07	0.05	-0.11	-0.1	-0.01	0.03	0.09	0.07	0.12	0.02
ARG	CA	MET	CA	-10.0	-10.0	-10.0	-10.0	-10.0	-10.0	-10.0	1.59	-2.4	-0.66	0.89	0.29	0.18	-0.32	-0.64	-0.61	-0.2	0.12	-0.06	0.12	0.17	0.08	-0.05	0.0	-0.02	0.05	0.03	0.04	0.07	0.02
ARG	CA	PHE	CA	-10.0	-10.0	-10.0	-10.0	-10.0	-10.0	-10.0	1.56	-1.76	-0.59	0.68	0.51	0.15	-0.22	-0.52	-0.42	-0.26	0.1	-0.0	0.12	0.17	0.04	0.0	0.0	0.04	0.02	0.03	0.1	0.02	0.02
ARG	CA	PRO	CA	-10.0	-10.0	-10.0	-10.0	-4.66	-1.58	-3.97	1.57	-1.45	-0.72	0.2	0.24	0.44	0.12	-0.26	-0.28	-0.08	0.15	0.12	0.18	0.14	0.08	-0.01	0.02	0.04	0.04	0.03	0.01	0.07	0.02
ARG	CA	SER	CA	-10.0	-10.0	-10.0	-10.0	-10.0	-10.0	-10.0	1.62	-1.5	-0.51	0.8	0.33	0.29	-0.15	-0.44	-0.56	-0.19	0.12	-0.04	0.15	0.08	-0.01	-0.1	-0.05	0.0	-0.03	0.01	0.02	0.08	0.02
ARG	CA	THR	CA	-10.0	-10.0	-10.0	-10.0	-10.0	-10.0	-10.0	1.5	-1.3	-0.52	0.69	0.36	0.24	-0.1	-0.45	-0.57	-0.23	0.09	-0.07	0.08	0.11	0.06	-0.06	-0.05	-0.03	-0.04	-0.03	-0.02	0.07	0.02
ARG	CA	TRP	CA	-10.0	-10.0	-10.0	-10.0	-10.0	-10.0	-10.0	1.62	-1.06	-0.17	0.91	0.5	0.28	-0.16	-0.35	-0.45	-0.21	0.19	0.08	0.27	0.25	0.11	-0.11	0.06	0.1	0.05	0.1	0.11	0.14	0.02
ARG	CA	TYR	CA	-10.0	-10.0	-10.0	-10.0	-10.0	-10.0	-10.0	1.63	-1.22	-0.33	0.75	0.51	0.32	-0.09	-0.44	-0.59	-0.16	0.08	-0.09	0.16	0.17	0.04	-0.04	-0.01	-0.01	-0.0	0.03	0.03	0.05	0.02
ARG	CA	VAL	CA	-10.0	-10.0	-10.0	-10.0	-10.0	-10.0	-10.0	1.56	-1.72	-0.77	0.64	0.47	0.42	0.01	-0.51	-0.75	-0.38	0.05	-0.04	0.27	0.28	0.16	0.03	0.03	0.04	0.05	0.07	0.05	0.08	0.02
ASN	CA	ALA	CA	-10.0	-10.0	-10.0	-10.0	-10.0	-10.0	-10.0	1.58	-1.78	-0.44	0.8	0.49	0.18	-0.31	-0.53	-0.56	-0.25	0.11	-0.07	0.1	0.11	0.03	-0.12	-0.1	0.01	-0.04	-0.03	0.02	0.05	0.02
ASN	CA	ARG	CA	-10.0	-10.0	-10.0	-10.0	-10.0	-10.0	-10.0	1.69	-1.6	-0.26	0.71	0.47	0.3	-0.14	-0.49	-0.47	-0.19	0.09	-0.02	0.07	0.1	-0.01	-0.05	-0.04	0.02	-0.01	-0.01	0.01	0.07	0.02
ASN	CA	ASN	CA	-10.0	-10.0	-10.0	-10.0	-10.0	-4.28	-4.6	1.74	-1.39	-0.06	0.87	0.62	0.34	0.06	-0.43	-0.38	-0.14	0.19	0.04	0.05	0.13	0.0	-0.11	-0.02	-0.03	-0.08	-0.01	-0.04	0.07	0.02
ASN	CA	ASP	CA	-10.0	-10.0	-10.0	-10.0	-10.0	-10.0	-10.0	1.66	-1.85	-0.47	0.89	0.78	0.32	-0.09	-0.37	-0.47	-0.19	0.09	-0.06	0.09	0.04	-0.0	-0.07	-0.03	0.02	-0.0	0.03	0.06	0.09	0.02
ASN	CA	CYS	CA	-10.0	-10.0	-10.0	-10.0	-10.0	-10.0	-10.0	1.46	-1.87	-0.54	0.61	0.47	0.28	0.01	-0.36	-0.31	-0.13	0.1	-0.01	0.11	0.2	0.01	-0.03	-0.08	-0.04	-0.04	-0.12	0.0	-0.0	0.02
ASN	CA	GLN	CA	-10.0	-10.0	-10.0	-10.0	-10.0	-10.0	-10.0	1.69	-1.66	-0.5	0.82	0.52	0.38	-0.13	-0.43	-0.42	-0.19	0.07	-0.05	-0.0	0.1	-0.01	-0.11	-0.02	-0.04	-0.04	-0.01	0.04	0.05	0.02
ASN	CA	GLU	CA	-10.0	-10.0	-10.0	-10.0	-10.0	-10.0	-10.0	1.74	-1.93	-0.7	0.76	0.58	0.28	-0.18	-0.48	-0.64	-0.27	0.08	-0.16	0.07	0.09	0.02	-0.1	-0.07	-0.01	-0.01	-0.03	0.04	0.08	0.02
ASN	CA	GLY	CA	-10.0	-10.0	-10.0	-10.0	-10.0	-10.0	-10.0	1.76	-0.76	-0.11	0.69	0.53	0.17	-0.05	-0.23	-0.27	-0.18	0.07	0.02	0.06	0.05	-0.01	-0.05	-0.05	-0.03	-0.02	0.05	0.03	0.07	0.02
ASN	CA	HIS	CA	-10.0	-10.0	-10.0	-10.0	-10.0	-10.0	-10.0	1.56	-1.74	-0.51	0.65	0.47	0.15	-0.17	-0.47	-0.35	-0.15	0.17	-0.03	0.12	0.13	-0.02	-0.09	-0.04	-0.03	-0.01	0.0	-0.0	0.06	0.02
ASN	CA	ILE	CA	-10.0	-10.0	-10.0	-10.0	-10.0	-10.0	-10.0	1.57	-2.44	-1.05	0.46	0.38	0.3	-0.01	-0.58	-0.6	-0.39	0.01	-0.14	0.11	0.28	0.12	0.05	-0.0	0.07	0.04	0.04	0.04	0.09	0.02
ASN	CA	LEU	CA	-10.0	-10.0	-10.0	-10.0	-10.0	-10.0	-10.0	1.56	-2.4	-0.82	0.69	0.39	0.24	-0.2	-0.52	-0.57	-0.26	0.07	-0.12	0.12	0.18	0.12	0.01	0.01	0.07	0.04	0.04	0.03	0.08	0.02
ASN	CA	LYS	CA	-10.0	-10.0	-10.0	-10.0	-10.0	-10.0	-5.38	1.78	-1.42	-0.34	0.83	0.54	0.29	-0.12	-0.48	-0.5	-0.18	0.18	-0.06	0.06	0.09	-0.01	-0.12	-0.08	-0.01	-0.04	-0.05	0.03	0.05	0.02
ASN	CA	MET	CA	-10.0	-10.0	-10.0	-10.0	-10.0	-10.0	-10.0	1.47	-2.43	-0.73	0.65	0.38	0.25	-0.09	-0.68	-0.7	-0.34	0.01	-0.14	0.07	0.13	0.07	-0.05	-0.04	0.04	-0.03	0.01	0.02	0.02	0.02
ASN	CA	PHE	CA	-10.0	-10.0	-10.0	-10.0	-10.0	-10.0	-10.0	1.55	-1.97	-0.74	0.58	0.47	0.27	-0.09	-0.43	-0.47	-0.27	0.1	-0.01	0.1	0.18	0.12	0.01	0.0	0.06	-0.01	0.06	0.12	0.06	0.02
ASN	CA	PRO	CA	-10.0	-10.0	-10.0	-10.0	-10.0	-1.19	-2.8	1.91	-1.44	-0.5	0.23	0.33	0.47	0.22	-0.04	-0.21	0.02	0.12	0.11	0.13	0.07	0.01	0.0	-0.03	0.02	0.03	0.04	0.05	0.03	0.02
ASN	CA	SER	CA	-10.0	-10.0	-10.0	-10.0	-10.0	-4.55	-5.57	1.59	-1.36	-0.4	0.74	0.5	0.24	-0.01	-0.26	-0.42	-0.13	0.13	-0.02	0.08	0.11	0.02	-0.07	-0.02	-0.04	-0.02	-0.03	0.02	0.06	0.02
ASN	CA	THR	CA	-10.0	-10.0	-10.0	-10.0	-10.0	-10.0	-10.0	1.52	-1.39	-0.34	0.66	0.55	0.34	0.12	-0.29	-0.45	-0.15	0.07	-0.04	0.06	0.1	0.02	-0.04	-0.06	0.0	-0.02	0.02	0.01	0.08	0.02
ASN	CA	TRP	CA	-10.0	-10.0	-10.0	-10.0	-10.0	-10.0	-3.72	1.56	-1.78	-0.68	0.62	0.4	0.06	-0.09	-0.47	-0.49	-0.31	0.03	-0.09	0.06	0.12	-0.01	-0.05	-0.1	-0.02	-0.06	-0.04	-0.02	0.04	0.02
ASN	CA	TYR	CA	-10.0	-10.0	-10.0	-10.0	-10.0	-10.0	-5.19	1.58	-1.69	-0.66	0.58	0.47	0.21	-0.04	-0.38	-0.44	-0.12	0.07	-0.05	0.19	0.17	0.07	-0.0	-0.0	-0.01	0.01	-0.0	0.04	0.04	0.02
ASN	CA	VAL	CA	-10.0	-10.0	-10.0	-10.0	-10.0	-10.0	-5.85	1.58	-2.1	-0.88	0.34	0.39	0.31	-0.04	-0.51	-0.69	-0.4	0.01	-0.1	0.15	0.21	0.07	-0.03	-0.05	-0.02	-0.02	0.03	-0.01	0.04	0.02
ASP	CA	ALA	CA	-10.0	-10.0	-10.0	-10.0	-10.0	-10.0	-10.0	1.62	-2.09	-0.48	0.84	0.43	0.18	-0.42	-0.68	-0.54	-0.25	0.12	-0.09	0.07	0.09	0.02	-0.07	-0.09	0.03	0.0	0.02	0.02	0.11	0.02
ASP	CA	ARG	CA	-10.0	-10.0	-10.0	-10.0	-10.0	-10.0	-10.0	1.69	-1.51	-0.2	0.98	0.57	0.44	-0.06	-0.38	-0.41	-0.13	0.12	-0.0	0.1	0.17	0.07	-0.02	-0.04	0.03	0.0	0.01	-0.02	0.09	0.02
ASP	CA	ASN	CA	-10.0	-10.0	-10.0	-10.0	-10.0	-10.0	-10.0	1.66	-1.85	-0.47	0.89	0.78	0.32	-0.09	-0.37	-0.47	-0.19	0.09	-0.06	0.09	0.04	-0.0	-0.07	-0.03	0.02	-0.0	0.03	0.06	0.09	0.02
ASP	CA	ASP	CA	-10.0	-10.0	-10.0	-10.0	-10.0	-10.0	-4.34	1.62	-2.32	-0.93	0.69	0.47	-0.04	-0.27	-0.58	-0.61	-0.28	0.05	-0.1	-0.04	0.07	-0.03	-0.06	-0.03	0.01	0.0	0.03	0.04	0.1	0.02
ASP	CA	CYS	CA	-10.0	-10.0	-10.0	-10.0	-10.0	-10.0	-10.0	1.59	-1.91	-0.84	0.71	0.51	0.24	-0.15	-0.4	-0.41	-0.13	0.11	0.07	0.21	0.23	0.12	-0.02	-0.01	0.06	0.02	0.07	0.08	0.09	0.02
ASP	CA	GLN	CA	-10.0	-10.0	-10.0	-10.0	-10.0	-10.0	-10.0	1.57	-1.9	-0.68	0.78	0.43	0.35	-0.29	-0.59	-0.65	-0.3	0.0	-0.15	-0.01	0.04	-0.05	-0.16	-0.12	-0.02	-0.04	-0.06	-0.05	0.03	0.02
ASP	CA	GLU	CA	-10.0	-10.0	-10.0	-10.0	-10.0	-10.0	-10.0	1.79	-2.45	-1.0	0.72	0.32	0.04	-0.34	-0.77	-0.85	-0.41	-0.09	-0.19	0.01	0.04	0.01	-0.11	-0.06	0.03	-0.03	0.04	0.02	0.09	0.02
ASP	CA	GLY	CA	-10.0	-10.0	-10.0	-10.0	-10.0	-5.75	-4.97	1.7	-0.77	-0.19	0.64	0.48	0.05	-0.16	-0.43	-0.35	-0.16	0.01	-0.03	0.07	0.03	-0.08	-0.09	-0.08	-0.05	-0.01	-0.01	-0.01	0.03	0.02
ASP	CA	HIS	CA	-10.0	-10.0	-10.0	-10.0	-10.0	-10.0	-4.2	1.58	-1.49	-0.33	0.77	0.59	0.24	-0.01	-0.32	-0.29	-0.1	0.12	0.07	0.16	0.12	0.02	-0.07	-0.04	0.02	0.05	0.04	0.04	0.06	0.02
ASP	CA	ILE	CA	-10.0	-10.0	-10.0	-10.0	-10.0	-10.0	-10.0	1.64	-2.75	-1.15	0.56	0.42	0.2	-0.18	-0.55	-0.74	-0.4	-0.05	-0.17	0.14	0.21	0.12	0.02	0.01	0.04	0.03	0.04	0.05	0.1	0.02
ASP	CA	LEU	CA	-10.0	-10.0	-10.0	-10.0	-10.0	-10.0	-10.0	1.65	-2.74	-1.08	0.69	0.31	0.11	-0.28	-0.63	-0.62	-0.35	0.05	-0.16	0.09	0.2	0.12	0.01	0.04	0.05	0.05	0.04	0.05	0.08	0.02
ASP	CA	LYS	CA	-10.0	-10.0	-10.0	-10.0	-10.0	-10.0	-10.0	1.8	-1.58	-0.15	0.99	0.73	0.5	-0.04	-0.35	-0.36	-0.13	0.14	0.04	0.11	0.14	0.07	-0.1	-0.06	0.01	-0.05	0.01	-0.01	0.06	0.02
ASP	CA	MET	CA	-10.0	-10.0	-10.0	-10.0	-10.0	-10.0	-10.0	1.56	-2.17	-0.81	0.76	0.3	0.17	-0.28	-0.75	-0.63	-0.28	0.09	-0.15	0.09	0.17	0.09	0.0	-0.0	0.07	0.03	0.07	0.09	0.09	0.02
ASP	CA	PHE	CA	-10.0	-10.0	-10.0	-10.0	-10.0	-10.0	-5.6	1.66	-2.3	-1.12	0.59	0.39	0.06	-0.35	-0.64	-0.72	-0.3	-0.05	-0.15	0.03	0.08	0.02	-0.06	-0.02	-0.05	-0.0	-0.01	0.01	0.03	0.02
ASP	CA	PRO	CA	-10.0	-10.0	-10.0	-10.0	-10.0	-1.92	-4.11	1.9	-1.69	-0.84	0.26	0.36	0.33	0.05	-0.22	-0.3	-0.08	0.04	0.07	0.1	0.09	0.01	-0.03	-0.01	0.01	0.03	-0.0	0.05	0.05	0.02
ASP	CA	SER	CA	-10.0	-10.0	-10.0	-10.0	-10.0	-10.0	-5.08	1.65	-1.41	-0.45	0.95	0.68	0.16	-0.06	-0.42	-0.42	-0.16	-0.02	-0.06	0.05	0.06	-0.0	-0.09	-0.02	-0.01	-0.04	-0.01	0.05	0.1	0.02
ASP	CA	THR	CA	-10.0	-10.0	-10.0	-10.0	-10.0	-10.0	-10.0	1.59	-1.67	-0.61	0.79	0.59	0.18	-0.05	-0.42	-0.53	-0.23	-0.01	-0.06	0.07	0.09	-0.0	-0.06	-0.04	-0.03	-0.0	0.0	-0.01	0.09	0.02
ASP	CA	TRP	CA	-10.0	-10.0	-10.0	-10.0	-10.0	-10.0	-10.0	1.67	-2.26	-0.95	0.6	0.31	0.12	-0.3	-0.52	-0.57	-0.26	0.02	0.0	0.11	0.18	0.04	-0.03	-0.02	0.01	0.02	0.02	0.07	0.1	0.02
ASP	CA	TYR	CA	-10.0	-10.0	-10.0	-10.0	-10.0	-10.0	-10.0	1.69	-2.2	-1.01	0.57	0.44	0.1	-0.16	-0.53	-0.49	-0.21	0.11	0.04	0.18	0.21	0.09	0.03	-0.0	0.03	0.04	0.07	0.02	0.11	0.02
ASP	CA	VAL	CA	-10.0	-10.0	-10.0	-10.0	-10.0	-10.0	-10.0	1.6	-2.27	-1.2	0.48	0.41	0.25	-0.02	-0.56	-0.83	-0.42	-0.05	-0.12	0.15	0.21	0.06	-0.0	-0.0	0.02	0.0	0.05	0.04	0.05	0.02
CYS	CA	ALA	CA	-10.0	-10.0	-10.0	-10.0	-10.0	-10.0	-10.0	1.49	-1.44	-0.2	0.96	0.6	0.43	0.09	-0.27	-0.29	-0.02	0.36	0.13	0.3	0.29	0.23	-0.02	0.02	0.06	0.03	0.07	0.05	0.11	0.02
CYS	CA	ARG	CA	-10.0	-10.0	-10.0	-10.0	-10.0	-10.0	-10.0	1.56	-1.65	-0.7	0.69	0.39	0.29	-0.09	-0.4	-0.48	-0.14	0.15	0.02	0.14	0.16	0.07	-0.08	-0.09	0.0	-0.1	-0.05	-0.03	0.05	0.02
CYS	CA	ASN	CA	-10.0	-10.0	-10.0	-10.0	-10.0	-10.0	-10.0	1.46	-1.87	-0.54	0.61	0.47	0.28	0.01	-0.36	-0.31	-0.13	0.1	-0.01	0.11	0.2	0.01	-0.03	-0.08	-0.04	-0.04	-0.12	0.0	-0.0	0.02
CYS	CA	ASP	CA	-10.0	-10.0	-10.0	-10.0	-10.0	-10.0	-10.0	1.59	-1.91	-0.84	0.71	0.51	0.24	-0.15	-0.4	-0.41	-0.13	0.11	0.07	0.21	0.23	0.12	-0.02	-0.01	0.06	0.02	0.07	0.08	0.09	0.02
CYS	CA	CYS	CA	-10.0	-10.0	-10.0	-10.0	-10.0	-10.0	-10.0	1.71	0.63	1.46	1.96	2.28	1.5	1.0	0.34	0.26	0.54	0.59	0.43	0.43	0.33	0.41	-0.04	0.06	0.09	0.18	0.22	0.05	0.05	0.02
CYS	CA	GLN	CA	-10.0	-10.0	-10.0	-10.0	-10.0	-10.0	-10.0	1.61	-1.62	-0.74	0.77	0.48	0.18	-0.16	-0.46	-0.31	-0.25	0.12	0.07	0.15	0.15	0.07	-0.13	-0.03	-0.01	-0.01	-0.03	-0.01	0.03	0.02
CYS	CA	GLU	CA	-10.0	-10.0	-10.0	-10.0	-10.0	-10.0	-10.0	1.53	-1.79	-1.01	0.79	0.46	0.17	-0.21	-0.57	-0.46	-0.25	0.12	-0.02	0.13	0.16	0.01	-0.07	-0.01	0.05	0.05	-0.02	0.02	0.07	0.02
CYS	CA	GLY	CA	-10.0	-10.0	-10.0	-10.0	-10.0	-10.0	-4.74	1.7	-0.61	0.13	0.68	0.55	0.34	0.1	-0.12	-0.2	0.06	0.18	0.24	0.27	0.29	0.19	-0.04	0.02	0.02	0.06	0.04	0.03	0.03	0.02
CYS	CA	HIS	CA	-10.0	-10.0	-10.0	-10.0	-10.0	-10.0	-10.0	1.84	-1.69	-0.32	0.6	0.54	0.46	-0.04	-0.3	-0.39	-0.05	0.2	0.14	0.25	0.34	0.14	-0.03	-0.07	-0.0	0.1	-0.0	0.01	0.09	0.02
CYS	CA	ILE	CA	-10.0	-10.0	-10.0	-10.0	-10.0	-10.0	-10.0	1.35	-1.5	-0.2	0.55	0.36	0.52	0.24	-0.07	-0.29	-0.08	0.11	-0.0	0.33	0.32	0.2	0.09	0.1	0.03	0.05	-0.02	0.01	-0.01	0.02
CYS	CA	LEU	CA	-10.0	-10.0	-10.0	-10.0	-10.0	-10.0	-10.0	1.44	-1.42	-0.2	0.75	0.52	0.49	0.16	-0.11	-0.13	0.06	0.23	0.22	0.35	0.4	0.3	0.14	0.09	0.16	0.13	0.08	0.08	0.11	0.02
CYS	CA	LYS	CA	-10.0	-10.0	-10.0	-10.0	-10.0	-10.0	-10.0	1.52	-2.16	-0.56	0.63	0.39	0.16	-0.09	-0.44	-0.44	-0.21	0.04	0.0	0.17	0.19	0.01	-0.06	-0.04	0.01	-0.05	-0.04	0.02	0.05	0.02
CYS	CA	MET	CA	-10.0	-10.0	-10.0	-10.0	-10.0	-10.0	-10.0	1.22	-1.58	-0.09	0.62	0.56	0.65	0.19	-0.32	-0.41	0.02	0.15	0.15	0.33	0.49	0.28	0.11	0.1	0.11	0.1	-0.04	0.05	0.04	0.02
CYS	CA	PHE	CA	-10.0	-10.0	-10.0	-10.0	-10.0	-10.0	-10.0	1.46	-0.92	-0.22	0.71	0.61	0.59	0.18	-0.09	-0.12	0.14	0.19	0.3	0.34	0.39	0.24	0.11	0.14	0.13	0.04	0.05	0.09	0.15	0.02
CYS	CA	PRO	CA	-10.0	-10.0	-10.0	-10.0	-10.0	-10.0	-10.0	1.72	-0.88	-0.42	0.28	0.43	0.48	0.37	0.03	0.01	0.12	0.32	0.21	0.28	0.19	0.14	0.11	0.03	0.08	0.07	0.15	0.08	0.1	0.02
CYS	CA	SER	CA	-10.0	-10.0	-10.0	-10.0	-10.0	-10.0	-10.0	1.67	-1.13	-0.38	0.9	0.67	0.42	0.08	-0.2	-0.27	0.03	0.28	0.18	0.23	0.29	0.17	0.06	0.05	0.01	-0.02	0.03	0.04	0.06	0.02
CYS	CA	THR	CA	-10.0	-10.0	-10.0	-10.0	-10.0	-10.0	-4.41	1.58	-1.18	-0.53	0.59	0.68	0.41	0.11	-0.2	-0.22	0.03	0.19	0.17	0.3	0.27	0.2	0.13	-0.0	0.08	-0.04	0.05	0.1	0.07	0.02
CYS	CA	TRP	CA	-10.0	-10.0	-10.0	-10.0	-10.0	-10.0	-10.0	1.39	-1.19	0.02	0.66	0.6	0.33	-0.08	-0.28	-0.23	-0.01	0.24	0.22	0.19	0.3	0.06	0.07	-0.0	0.03	0.02	-0.03	0.12	0.13	0.02
CYS	CA	TYR	CA	-10.0	-10.0	-10.0	-10.0	-10.0	-10.0	-10.0	1.48	-1.17	-0.22	0.71	0.76	0.4	0.24	-0.27	-0.2	0.01	0.21	0.05	0.31	0.29	0.27	0.03	0.02	0.02	0.02	0.06	-0.02	0.06	0.02
CYS	CA	VAL	CA	-10.0	-10.0	-10.0	-10.0	-10.0	-10.0	-10.0	1.43	-1.17	-0.2	0.65	0.53	0.67	0.37	0.01	-0.16	-0.01	0.14	0.21	0.39	0.43	0.31	0.07	0.05	0.08	0.09	0.05	0.04	0.06	0.02
GLN	CA	ALA	CA	-10.0	-10.0	-10.0	-10.0	-10.0	-10.0	-5.07	1.7	-1.74	-0.31	1.09	0.38	0.34	-0.43	-0.53	-0.56	-0.2	0.17	-0.04	0.19	0.15	0.06	-0.09	-0.05	0.04	-0.0	-0.01	0.0	0.11	0.02
GLN	CA	ARG	CA	-10.0	-10.0	-10.0	-10.0	-10.0	-10.0	-10.0	1.7	-1.93	-0.18	0.92	0.31	0.29	-0.26	-0.6	-0.66	-0.42	0.11	-0.13	0.07	0.08	0.01	-0.13	-0.12	0.0	-0.08	-0.06	0.02	0.02	0.02
GLN	CA	ASN	CA	-10.0	-10.0	-10.0	-10.0	-10.0	-10.0	-10.0	1.69	-1.66	-0.5	0.82	0.52	0.38	-0.13	-0.43	-0.42	-0.19	0.07	-0.05	-0.0	0.1	-0.01	-0.11	-0.02	-0.04	-0.04	-0.01	0.04	0.05	0.02
GLN	CA	ASP	CA	-10.0	-10.0	-10.0	-10.0	-10.0	-10.0	-10.0	1.57	-1.9	-0.68	0.78	0.43	0.35	-0.29	-0.59	-0.65	-0.3	0.0	-0.15	-0.01	0.04	-0.05	-0.16	-0.12	-0.02	-0.04	-0.06	-0.05	0.03	0.02
GLN	CA	CYS	CA	-10.0	-10.0	-10.0	-10.0	-10.0	-10.0	-10.0	1.61	-1.62	-0.74	0.77	0.48	0.18	-0.16	-0.46	-0.31	-0.25	0.12	0.07	0.15	0.15	0.07	-0.13	-0.03	-0.01	-0.01	-0.03	-0.01	0.03	0.02
GLN	CA	GLN	CA	-10.0	-10.0	-10.0	-10.0	-10.0	-10.0	-10.0	1.91	-2.13	-0.27	1.07	0.37	0.58	-0.26	-0.53	-0.51	-0.16	0.12	-0.1	0.17	0.13	0.15	-0.07	0.01	0.11	0.02	0.01	0.1	0.15	0.02
GLN	CA	GLU	CA	-10.0	-10.0	-10.0	-10.0	-10.0	-10.0	-10.0	1.86	-1.83	-0.33	1.04	0.36	0.58	-0.25	-0.66	-0.73	-0.31	0.15	-0.16	0.1	0.08	0.11	-0.08	-0.01	0.11	0.05	0.04	0.06	0.13	0.02
GLN	CA	GLY	CA	-10.0	-10.0	-10.0	-10.0	-10.0	-10.0	-10.0	1.65	-0.89	-0.34	0.59	0.4	0.19	-0.14	-0.37	-0.34	-0.2	0.08	-0.03	0.06	0.1	-0.01	-0.14	-0.05	-0.03	-0.02	0.02	0.04	0.07	0.02
GLN	CA	HIS	CA	-10.0	-10.0	-10.0	-10.0	-10.0	-10.0	-10.0	1.66	-1.6	-0.47	0.76	0.39	0.19	-0.29	-0.47	-0.6	-0.22	0.13	-0.1	0.07	0.13	0.04	-0.01	0.03	0.08	-0.01	-0.01	0.12	0.07	0.02
GLN	CA	ILE	CA	-10.0	-10.0	-10.0	-10.0	-10.0	-10.0	-10.0	1.56	-2.05	-0.6	0.74	0.41	0.36	-0.19	-0.55	-0.68	-0.34	0.04	-0.2	0.18	0.22	0.16	0.06	0.01	0.05	0.05	0.02	0.03	0.11	0.02
GLN	CA	LEU	CA	-10.0	-10.0	-10.0	-10.0	-10.0	-10.0	-5.87	1.65	-2.27	-0.52	1.0	0.35	0.3	-0.24	-0.57	-0.55	-0.22	0.19	-0.14	0.2	0.23	0.18	0.03	0.05	0.1	0.01	0.04	0.05	0.1	0.02
GLN	CA	LYS	CA	-10.0	-10.0	-10.0	-10.0	-10.0	-4.81	-5.13	1.83	-2.0	-0.12	1.05	0.49	0.46	-0.21	-0.46	-0.58	-0.24	0.09	-0.11	0.12	0.15	0.02	-0.07	-0.06	0.09	-0.03	0.04	0.04	0.09	0.02
GLN	CA	MET	CA	-10.0	-10.0	-10.0	-10.0	-10.0	-10.0	-10.0	1.53	-2.07	-0.46	0.94	0.38	0.14	-0.3	-0.73	-0.56	-0.36	0.1	-0.13	0.1	0.14	0.05	-0.05	-0.02	0.02	-0.06	-0.02	-0.0	0.07	0.02
GLN	CA	PHE	CA	-10.0	-10.0	-10.0	-10.0	-10.0	-10.0	-10.0	1.48	-1.71	-0.55	0.84	0.36	0.13	-0.19	-0.58	-0.63	-0.29	0.06	-0.06	0.14	0.13	0.07	-0.03	-0.03	0.05	0.03	0.08	0.05	0.1	0.02
GLN	CA	PRO	CA	-10.0	-10.0	-10.0	-10.0	-10.0	-1.23	-4.32	1.76	-1.32	-0.46	0.28	0.36	0.52	0.09	-0.12	-0.26	-0.12	0.17	0.12	0.18	0.19	0.06	0.01	0.06	0.11	0.07	0.04	0.05	0.09	0.02
GLN	CA	SER	CA	-10.0	-10.0	-10.0	-10.0	-10.0	-10.0	-10.0	1.64	-1.28	-0.49	0.86	0.35	0.34	-0.06	-0.4	-0.38	-0.16	0.11	-0.06	0.11	0.18	0.07	-0.04	-0.06	0.03	-0.02	0.01	0.09	0.09	0.02
GLN	CA	THR	CA	-10.0	-10.0	-10.0	-10.0	-10.0	-10.0	-5.31	1.62	-1.44	-0.43	0.91	0.36	0.3	0.05	-0.41	-0.58	-0.19	0.12	-0.09	0.15	0.18	0.01	-0.1	-0.01	-0.0	-0.01	0.04	0.02	0.09	0.02
GLN	CA	TRP	CA	-10.0	-10.0	-10.0	-10.0	-10.0	-10.0	-3.41	1.77	-0.92	-0.58	0.9	0.63	0.4	-0.08	-0.47	-0.38	-0.23	0.22	0.03	0.23	0.19	0.13	0.02	0.03	0.05	0.05	0.13	0.05	0.15	0.02
GLN	CA	TYR	CA	-10.0	-10.0	-10.0	-10.0	-10.0	-10.0	-10.0	1.61	-1.83	-0.62	0.86	0.42	0.21	-0.21	-0.56	-0.66	-0.26	0.1	-0.06	0.12	0.22	0.04	-0.07	-0.0	0.03	0.0	0.02	0.05	0.09	0.02
GLN	CA	VAL	CA	-10.0	-10.0	-10.0	-10.0	-10.0	-10.0	-10.0	1.51	-1.86	-0.74	0.65	0.4	0.37	-0.09	-0.56	-0.71	-0.37	-0.0	-0.08	0.25	0.27	0.07	-0.01	0.0	0.04	0.05	0.06	0.01	0.09	0.02
GLU	CA	ALA	CA	-10.0	-10.0	-10.0	-10.0	-10.0	-10.0	-6.22	1.75	-1.94	-0.46	1.14	0.44	0.33	-0.47	-0.73	-0.71	-0.24	0.24	-0.12	0.14	0.11	0.06	-0.11	-0.05	0.04	0.01	0.03	0.06	0.1	0.02
GLU	CA	ARG	CA	-10.0	-10.0	-10.0	-10.0	-10.0	-10.0	-10.0	1.82	-1.26	0.07	1.15	0.49	0.66	-0.14	-0.47	-0.53	-0.25	0.14	-0.07	0.15	0.19	0.15	-0.04	-0.0	0.04	0.03	0.03	0.0	0.08	0.02
GLU	CA	ASN	CA	-10.0	-10.0	-10.0	-10.0	-10.0	-10.0	-10.0	1.74	-1.93	-0.7	0.76	0.58	0.28	-0.18	-0.48	-0.64	-0.27	0.08	-0.16	0.07	0.09	0.02	-0.1	-0.07	-0.01	-0.01	-0.03	0.04	0.08	0.02
GLU	CA	ASP	CA	-10.0	-10.0	-10.0	-10.0	-10.0	-10.0	-10.0	1.79	-2.45	-1.0	0.72	0.32	0.04	-0.34	-0.77	-0.85	-0.41	-0.09	-0.19	0.01	0.04	0.01	-0.11	-0.06	0.03	-0.03	0.04	0.02	0.09	0.02
GLU	CA	CYS	CA	-10.0	-10.0	-10.0	-10.0	-10.0	-10.0	-10.0	1.53	-1.79	-1.01	0.79	0.46	0.17	-0.21	-0.57	-0.46	-0.25	0.12	-0.02	0.13	0.16	0.01	-0.07	-0.01	0.05	0.05	-0.02	0.02	0.07	0.02
GLU	CA	GLN	CA	-10.0	-10.0	-10.0	-10.0	-10.0	-10.0	-10.0	1.86	-1.83	-0.33	1.04	0.36	0.58	-0.25	-0.66	-0.73	-0.31	0.15	-0.16	0.1	0.08	0.11	-0.08	-0.01	0.11	0.05	0.04	0.06	0.13	0.02
GLU	CA	GLU	CA	-10.0	-10.0	-10.0	-10.0	-10.0	-10.0	-10.0	1.94	-2.28	-0.61	0.99	0.18	0.27	-0.46	-0.87	-0.99	-0.46	0.04	-0.19	0.04	0.1	0.09	-0.07	0.01	0.07	0.09	0.03	0.11	0.13	0.02
GLU	CA	GLY	CA	-10.0	-10.0	-10.0	-10.0	-10.0	-5.75	-6.06	1.65	-1.16	-0.41	0.64	0.43	0.08	-0.3	-0.55	-0.49	-0.24	-0.01	-0.1	0.0	0.03	-0.07	-0.15	-0.09	0.0	-0.04	-0.0	0.02	0.07	0.02
GLU	CA	HIS	CA	-10.0	-10.0	-10.0	-10.0	-10.0	-10.0	-4.3	1.48	-1.97	-0.59	0.63	0.26	0.1	-0.22	-0.56	-0.58	-0.31	-0.02	-0.08	0.01	0.03	-0.02	-0.18	-0.09	-0.02	-0.04	-0.04	-0.03	0.05	0.02
GLU	CA	ILE	CA	-10.0	-10.0	-10.0	-10.0	-10.0	-10.0	-10.0	1.63	-2.41	-0.91	0.77	0.42	0.22	-0.15	-0.62	-0.76	-0.46	0.07	-0.17	0.18	0.23	0.11	-0.0	0.0	0.07	0.04	0.05	0.05	0.11	0.02
GLU	CA	LEU	CA	-10.0	-10.0	-10.0	-10.0	-10.0	-10.0	-10.0	1.64	-2.71	-0.82	0.98	0.38	0.17	-0.37	-0.67	-0.61	-0.36	0.11	-0.23	0.17	0.18	0.12	-0.01	0.02	0.06	0.05	0.01	0.03	0.09	0.02
GLU	CA	LYS	CA	-10.0	-10.0	-10.0	-10.0	-10.0	-10.0	-10.0	2.01	-1.18	0.13	1.27	0.55	0.78	0.0	-0.46	-0.51	-0.16	0.2	-0.02	0.19	0.17	0.18	0.02	-0.02	0.09	0.08	0.04	0.06	0.12	0.02
GLU	CA	MET	CA	-10.0	-10.0	-10.0	-10.0	-10.0	-10.0	-4.8	1.73	-1.8	-0.81	0.99	0.35	0.23	-0.42	-0.59	-0.68	-0.32	0.14	-0.18	0.16	0.13	0.06	0.02	0.05	0.12	0.04	0.1	0.11	0.17	0.02
GLU	CA	PHE	CA	-10.0	-10.0	-10.0	-10.0	-10.0	-10.0	-10.0	1.57	-2.04	-0.71	0.78	0.49	0.01	-0.31	-0.69	-0.68	-0.33	0.11	-0.11	0.12	0.14	0.03	-0.05	-0.0	0.09	0.02	0.05	0.01	0.11	0.02
GLU	CA	PRO	CA	-10.0	-10.0	-10.0	-10.0	-10.0	-1.27	-2.73	1.84	-1.75	-0.95	0.32	0.29	0.37	0.01	-0.19	-0.36	-0.11	0.1	0.07	0.12	0.11	0.03	0.01	0.02	0.04	0.04	0.08	0.07	0.1	0.02
GLU	CA	SER	CA	-10.0	-10.0	-10.0	-10.0	-10.0	-10.0	-10.0	1.59	-1.76	-0.56	0.95	0.26	0.15	-0.27	-0.51	-0.55	-0.26	0.06	-0.19	0.06	0.01	-0.03	-0.13	-0.08	-0.04	-0.08	-0.04	-0.01	0.06	0.02
GLU	CA	THR	CA	-10.0	-10.0	-10.0	-10.0	-10.0	-5.43	-5.75	1.64	-1.51	-0.68	0.98	0.31	0.22	-0.09	-0.51	-0.72	-0.2	0.05	-0.1	0.08	0.13	0.04	-0.08	-0.05	0.03	-0.06	-0.01	0.03	0.08	0.02
GLU	CA	TRP	CA	-10.0	-10.0	-10.0	-10.0	-10.0	-10.0	-10.0	1.7	-1.88	-0.63	0.88	0.39	0.2	-0.25	-0.66	-0.66	-0.31	0.11	0.0	0.16	0.12	0.04	-0.04	0.07	0.09	0.03	0.04	0.1	0.12	0.02
GLU	CA	TYR	CA	-10.0	-10.0	-10.0	-10.0	-10.0	-10.0	-4.71	1.58	-1.49	-0.57	0.77	0.47	0.11	-0.3	-0.59	-0.56	-0.24	0.11	-0.06	0.13	0.17	0.11	-0.01	0.01	0.04	0.05	0.04	0.07	0.1	0.02
GLU	CA	VAL	CA	-10.0	-10.0	-10.0	-10.0	-10.0	-10.0	-10.0	1.58	-1.95	-0.99	0.65	0.39	0.24	-0.14	-0.73	-0.87	-0.48	-0.02	-0.17	0.15	0.21	0.05	-0.05	-0.06	-0.03	-0.0	0.01	0.03	0.09	0.02
GLY	CA	ALA	CA	-10.0	-10.0	-10.0	-10.0	-10.0	-4.89	-4.8	1.53	-0.44	-0.03	0.69	0.39	0.2	-0.2	-0.36	-0.33	-0.09	0.16	0.03	0.16	0.11	0.03	-0.08	-0.07	-0.02	0.02	0.01	0.03	0.07	0.02
GLY	CA	ARG	CA	-10.0	-10.0	-10.0	-10.0	-10.0	-10.0	-10.0	1.63	-0.96	-0.25	0.57	0.39	0.19	-0.09	-0.31	-0.33	-0.12	0.06	0.02	0.1	0.08	-0.01	-0.1	-0.09	-0.05	0.0	-0.01	0.0	0.06	0.02
GLY	CA	ASN	CA	-10.0	-10.0	-10.0	-10.0	-10.0	-10.0	-10.0	1.76	-0.76	-0.11	0.69	0.53	0.17	-0.05	-0.23	-0.27	-0.18	0.07	0.02	0.06	0.05	-0.01	-0.05	-0.05	-0.03	-0.02	0.05	0.03	0.07	0.02
GLY	CA	ASP	CA	-10.0	-10.0	-10.0	-10.0	-10.0	-5.75	-4.97	1.7	-0.77	-0.19	0.64	0.48	0.05	-0.16	-0.43	-0.35	-0.16	0.01	-0.03	0.07	0.03	-0.08	-0.09	-0.08	-0.05	-0.01	-0.01	-0.01	0.03	0.02
GLY	CA	CYS	CA	-10.0	-10.0	-10.0	-10.0	-10.0	-10.0	-4.74	1.7	-0.61	0.13	0.68	0.55	0.34	0.1	-0.12	-0.2	0.06	0.18	0.24	0.27	0.29	0.19	-0.04	0.02	0.02	0.06	0.04	0.03	0.03	0.02
GLY	CA	GLN	CA	-10.0	-10.0	-10.0	-10.0	-10.0	-10.0	-10.0	1.65	-0.89	-0.34	0.59	0.4	0.19	-0.14	-0.37	-0.34	-0.2	0.08	-0.03	0.06	0.1	-0.01	-0.14	-0.05	-0.03	-0.02	0.02	0.04	0.07	0.02
GLY	CA	GLU	CA	-10.0	-10.0	-10.0	-10.0	-10.0	-5.75	-6.06	1.65	-1.16	-0.41	0.64	0.43	0.08	-0.3	-0.55	-0.49	-0.24	-0.01	-0.1	0.0	0.03	-0.07	-0.15	-0.09	0.0	-0.04	-0.0	0.02	0.07	0.02
GLY	CA	GLY	CA	-10.0	-10.0	-10.0	-10.0	-10.0	-3.14	-3.46	1.69	0.03	-0.0	0.49	0.41	0.12	-0.01	-0.08	-0.14	0.02	0.14	0.09	0.07	0.04	-0.05	-0.06	-0.05	-0.01	-0.0	0.03	0.02	0.05	0.02
GLY	CA	HIS	CA	-10.0	-10.0	-10.0	-10.0	-10.0	-4.92	-5.23	1.66	-0.67	-0.14	0.57	0.46	0.15	0.02	-0.25	-0.26	-0.01	0.1	0.1	0.15	0.15	0.05	0.0	0.04	0.09	0.11	0.12	0.1	0.14	0.02
GLY	CA	ILE	CA	-10.0	-10.0	-10.0	-10.0	-10.0	-5.23	-6.24	1.46	-1.14	-0.45	0.45	0.28	0.18	-0.05	-0.38	-0.6	-0.31	-0.01	-0.01	0.09	0.19	0.13	-0.0	-0.03	0.0	0.0	0.01	0.04	0.07	0.02
GLY	CA	LEU	CA	-10.0	-10.0	-10.0	-10.0	-10.0	-5.22	-5.24	1.45	-1.17	-0.25	0.55	0.25	0.2	-0.05	-0.35	-0.45	-0.26	0.01	-0.03	0.13	0.16	0.09	0.01	0.0	0.04	0.03	0.05	0.06	0.08	0.02
GLY	CA	LYS	CA	-10.0	-10.0	-10.0	-10.0	-5.21	-4.9	-5.91	1.86	-0.91	-0.29	0.68	0.43	0.26	-0.05	-0.41	-0.39	-0.14	0.12	-0.0	0.07	0.08	-0.04	-0.15	-0.1	-0.07	-0.04	-0.02	-0.0	0.05	0.02
GLY	CA	MET	CA	-10.0	-10.0	-10.0	-10.0	-10.0	-10.0	-10.0	1.42	-0.91	-0.42	0.5	0.22	0.12	-0.1	-0.38	-0.42	-0.23	0.0	-0.09	0.07	0.05	-0.0	-0.1	-0.11	-0.03	-0.07	-0.06	-0.02	-0.0	0.02
GLY	CA	PHE	CA	-10.0	-10.0	-10.0	-10.0	-10.0	-5.59	-5.21	1.57	-0.85	-0.27	0.51	0.33	0.03	-0.16	-0.36	-0.44	-0.17	0.04	-0.01	0.07	0.06	0.0	-0.08	-0.04	-0.03	-0.02	-0.01	0.05	0.05	0.02
GLY	CA	PRO	CA	-10.0	-10.0	-10.0	-10.0	-10.0	-1.16	-3.68	1.63	-0.58	-0.21	0.25	0.32	0.45	0.13	-0.14	-0.21	-0.08	0.09	0.1	0.1	0.06	-0.04	-0.04	-0.04	-0.0	0.0	0.04	0.0	0.03	0.02
GLY	CA	SER	CA	-10.0	-10.0	-10.0	-10.0	-10.0	-4.23	-6.16	1.72	-0.56	0.01	0.66	0.45	0.13	0.01	-0.27	-0.29	-0.06	0.07	0.0	0.07	0.03	0.0	-0.11	-0.06	-0.01	-0.04	-0.01	0.01	0.02	0.02
GLY	CA	THR	CA	-10.0	-10.0	-10.0	-10.0	-10.0	-4.72	-6.13	1.67	-0.77	-0.12	0.62	0.47	0.27	0.06	-0.3	-0.37	-0.13	0.05	0.02	0.12	0.14	0.03	-0.05	-0.04	0.01	0.01	0.01	0.05	0.06	0.02
GLY	CA	TRP	CA	-10.0	-10.0	-10.0	-10.0	-10.0	-10.0	-10.0	1.47	-0.91	-0.22	0.44	0.3	0.08	-0.08	-0.37	-0.44	-0.25	0.07	0.03	0.06	0.03	-0.08	-0.1	-0.12	-0.0	-0.02	0.03	0.06	0.0	0.02
GLY	CA	TYR	CA	-10.0	-10.0	-10.0	-10.0	-10.0	-10.0	-10.0	1.58	-0.68	-0.21	0.52	0.42	0.15	-0.07	-0.33	-0.38	-0.14	0.03	0.03	0.12	0.11	0.01	-0.1	-0.05	-0.03	-0.01	0.03	0.03	0.06	0.02
GLY	CA	VAL	CA	-10.0	-10.0	-10.0	-10.0	-10.0	-10.0	-10.0	1.4	-1.11	-0.34	0.44	0.39	0.22	-0.05	-0.5	-0.56	-0.24	0.0	0.07	0.19	0.2	0.09	-0.01	-0.06	-0.03	0.01	0.03	0.05	0.06	0.02
HIS	CA	ALA	CA	-10.0	-10.0	-10.0	-10.0	-10.0	-10.0	-10.0	1.42	-1.59	-0.38	0.71	0.4	0.16	-0.31	-0.61	-0.5	-0.19	0.12	-0.02	0.12	0.09	0.05	-0.06	-0.04	-0.01	-0.03	-0.03	0.01	0.11	0.02
HIS	CA	ARG	CA	-10.0	-10.0	-10.0	-10.0	-10.0	-10.0	-10.0	1.58	-1.61	-0.26	0.67	0.33	0.2	-0.2	-0.6	-0.52	-0.18	0.13	-0.02	0.05	0.09	0.01	-0.05	-0.02	0.01	-0.01	0.03	0.08	0.05	0.02
HIS	CA	ASN	CA	-10.0	-10.0	-10.0	-10.0	-10.0	-10.0	-10.0	1.56	-1.74	-0.51	0.65	0.47	0.15	-0.17	-0.47	-0.35	-0.15	0.17	-0.03	0.12	0.13	-0.02	-0.09	-0.04	-0.03	-0.01	0.0	-0.0	0.06	0.02
HIS	CA	ASP	CA	-10.0	-10.0	-10.0	-10.0	-10.0	-10.0	-4.2	1.58	-1.49	-0.33	0.77	0.59	0.24	-0.01	-0.32	-0.29	-0.1	0.12	0.07	0.16	0.12	0.02	-0.07	-0.04	0.02	0.05	0.04	0.04	0.06	0.02
HIS	CA	CYS	CA	-10.0	-10.0	-10.0	-10.0	-10.0	-10.0	-10.0	1.84	-1.69	-0.32	0.6	0.54	0.46	-0.04	-0.3	-0.39	-0.05	0.2	0.14	0.25	0.34	0.14	-0.03	-0.07	-0.0	0.1	-0.0	0.01	0.09	0.02
HIS	CA	GLN	CA	-10.0	-10.0	-10.0	-10.0	-10.0	-10.0	-10.0	1.66	-1.6	-0.47	0.76	0.39	0.19	-0.29	-0.47	-0.6	-0.22	0.13	-0.1	0.07	0.13	0.04	-0.01	0.03	0.08	-0.01	-0.01	0.12	0.07	0.02
HIS	CA	GLU	CA	-10.0	-10.0	-10.0	-10.0	-10.0	-10.0	-4.3	1.48	-1.97	-0.59	0.63	0.26	0.1	-0.22	-0.56	-0.58	-0.31	-0.02	-0.08	0.01	0.03	-0.02	-0.18	-0.09	-0.02	-0.04	-0.04	-0.03	0.05	0.02
HIS	CA	GLY	CA	-10.0	-10.0	-10.0	-10.0	-10.0	-4.92	-5.23	1.66	-0.67	-0.14	0.57	0.46	0.15	0.02	-0.25	-0.26	-0.01	0.1	0.1	0.15	0.15	0.05	0.0	0.04	0.09	0.11	0.12	0.1	0.14	0.02
HIS	CA	HIS	CA	-10.0	-10.0	-10.0	-10.0	-10.0	-10.0	-10.0	1.85	-1.65	-0.3	0.76	0.66	0.49	0.15	-0.07	-0.33	0.11	0.25	0.15	0.26	0.15	0.22	0.07	0.1	0.2	0.13	0.1	0.03	0.06	0.02
HIS	CA	ILE	CA	-10.0	-10.0	-10.0	-10.0	-10.0	-10.0	-10.0	1.41	-2.02	-0.7	0.55	0.39	0.36	-0.02	-0.57	-0.55	-0.31	-0.08	-0.1	0.08	0.24	0.17	0.01	0.03	0.03	0.01	-0.01	0.04	0.08	0.02
HIS	CA	LEU	CA	-10.0	-10.0	-10.0	-10.0	-10.0	-10.0	-10.0	1.5	-2.35	-0.55	0.65	0.36	0.25	-0.24	-0.48	-0.47	-0.24	0.05	-0.03	0.19	0.25	0.17	0.11	0.05	0.11	0.04	0.03	0.05	0.1	0.02
HIS	CA	LYS	CA	-10.0	-10.0	-10.0	-10.0	-10.0	-10.0	-4.8	1.5	-1.97	-0.71	0.55	0.38	0.11	-0.26	-0.7	-0.7	-0.45	0.02	-0.1	0.04	0.03	0.01	-0.14	-0.13	-0.09	-0.04	-0.01	-0.03	0.07	0.02
HIS	CA	MET	CA	-10.0	-10.0	-10.0	-10.0	-10.0	-10.0	-4.09	1.45	-1.7	-0.52	0.75	0.47	0.17	-0.29	-0.47	-0.4	-0.17	0.05	-0.12	0.16	0.24	0.15	0.01	0.02	0.05	0.01	-0.01	0.03	0.06	0.02
HIS	CA	PHE	CA	-10.0	-10.0	-10.0	-10.0	-10.0	-10.0	-10.0	1.49	-1.72	-0.67	0.54	0.37	0.18	-0.13	-0.47	-0.56	-0.22	0.06	0.05	0.09	0.24	0.08	0.03	0.0	0.02	-0.04	0.05	0.03	0.06	0.02
HIS	CA	PRO	CA	-10.0	-10.0	-10.0	-10.0	-10.0	-1.5	-4.76	1.75	-1.27	-0.87	0.2	0.26	0.32	0.06	-0.24	-0.28	-0.14	0.08	0.06	0.13	0.06	-0.07	-0.01	0.04	0.06	0.06	0.01	0.01	0.04	0.02
HIS	CA	SER	CA	-10.0	-10.0	-10.0	-10.0	-10.0	-10.0	-4.95	1.6	-1.45	-0.45	0.76	0.39	0.29	-0.1	-0.29	-0.26	-0.05	0.16	0.02	0.16	0.09	0.05	-0.01	0.02	0.04	0.04	-0.02	0.08	0.12	0.02
HIS	CA	THR	CA	-10.0	-10.0	-10.0	-10.0	-10.0	-10.0	-4.31	1.49	-1.37	-0.28	0.63	0.44	0.22	-0.05	-0.37	-0.42	-0.22	0.03	0.01	0.12	0.14	0.04	-0.05	-0.04	-0.05	-0.04	-0.02	-0.0	0.03	0.02
HIS	CA	TRP	CA	-10.0	-10.0	-10.0	-10.0	-10.0	-10.0	-3.81	1.58	-2.01	-0.77	0.82	0.42	0.25	-0.06	-0.29	-0.44	-0.1	0.08	0.16	0.26	0.28	0.11	0.05	0.07	0.07	0.04	0.07	0.07	0.02	0.02
HIS	CA	TYR	CA	-10.0	-10.0	-10.0	-10.0	-10.0	-10.0	-10.0	1.47	-1.79	-0.22	0.52	0.42	0.25	-0.01	-0.57	-0.48	-0.14	0.04	0.01	0.16	0.25	0.04	-0.03	-0.03	-0.02	0.0	0.03	0.01	0.01	0.02
HIS	CA	VAL	CA	-10.0	-10.0	-10.0	-10.0	-10.0	-10.0	-10.0	1.31	-1.9	-0.58	0.5	0.37	0.39	0.02	-0.44	-0.62	-0.35	-0.03	-0.05	0.22	0.25	0.14	0.03	0.04	0.04	-0.02	0.06	0.04	0.11	0.02
ILE	CA	ALA	CA	-10.0	-10.0	-10.0	-10.0	-10.0	-10.0	-10.0	1.48	-1.33	-0.31	0.86	0.48	0.46	0.17	-0.13	-0.32	-0.19	0.13	0.07	0.32	0.34	0.24	0.11	0.08	0.09	0.06	0.04	0.02	0.08	0.02
ILE	CA	ARG	CA	-10.0	-10.0	-10.0	-10.0	-10.0	-10.0	-10.0	1.61	-1.97	-0.85	0.68	0.39	0.34	-0.1	-0.55	-0.69	-0.37	-0.0	-0.1	0.19	0.28	0.16	0.01	0.01	0.05	0.02	0.04	0.02	0.08	0.02
ILE	CA	ASN	CA	-10.0	-10.0	-10.0	-10.0	-10.0	-10.0	-10.0	1.57	-2.44	-1.05	0.46	0.38	0.3	-0.01	-0.58	-0.6	-0.39	0.01	-0.14	0.11	0.28	0.12	0.05	-0.0	0.07	0.04	0.04	0.04	0.09	0.02
ILE	CA	ASP	CA	-10.0	-10.0	-10.0	-10.0	-10.0	-10.0	-10.0	1.64	-2.75	-1.15	0.56	0.42	0.2	-0.18	-0.55	-0.74	-0.4	-0.05	-0.17	0.14	0.21	0.12	0.02	0.01	0.04	0.03	0.04	0.05	0.1	0.02
ILE	CA	CYS	CA	-10.0	-10.0	-10.0	-10.0	-10.0	-10.0	-10.0	1.35	-1.5	-0.2	0.55	0.36	0.52	0.24	-0.07	-0.29	-0.08	0.11	-0.0	0.33	0.32	0.2	0.09	0.1	0.03	0.05	-0.02	0.01	-0.01	0.02
ILE	CA	GLN	CA	-10.0	-10.0	-10.0	-10.0	-10.0	-10.0	-10.0	1.56	-2.05	-0.6	0.74	0.41	0.36	-0.19	-0.55	-0.68	-0.34	0.04	-0.2	0.18	0.22	0.16	0.06	0.01	0.05	0.05	0.02	0.03	0.11	0.02
ILE	CA	GLU	CA	-10.0	-10.0	-10.0	-10.0	-10.0	-10.0	-10.0	1.63	-2.41	-0.91	0.77	0.42	0.22	-0.15	-0.62	-0.76	-0.46	0.07	-0.17	0.18	0.23	0.11	-0.0	0.0	0.07	0.04	0.05	0.05	0.11	0.02
ILE	CA	GLY	CA	-10.0	-10.0	-10.0	-10.0	-10.0	-5.23	-6.24	1.46	-1.14	-0.45	0.45	0.28	0.18	-0.05	-0.38	-0.6	-0.31	-0.01	-0.01	0.09	0.19	0.13	-0.0	-0.03	0.0	0.0	0.01	0.04	0.07	0.02
ILE	CA	HIS	CA	-10.0	-10.0	-10.0	-10.0	-10.0	-10.0	-10.0	1.41	-2.02	-0.7	0.55	0.39	0.36	-0.02	-0.57	-0.55	-0.31	-0.08	-0.1	0.08	0.24	0.17	0.01	0.03	0.03	0.01	-0.01	0.04	0.08	0.02
ILE	CA	ILE	CA	-10.0	-10.0	-10.0	-10.0	-10.0	-10.0	-10.0	1.32	-1.49	0.39	0.56	0.3	0.65	0.22	0.15	0.07	0.09	0.27	0.26	0.5	0.54	0.4	0.24	0.18	0.18	0.13	0.06	0.06	0.1	0.02
ILE	CA	LEU	CA	-10.0	-10.0	-10.0	-10.0	-10.0	-10.0	-10.0	1.32	-2.29	0.13	0.69	0.33	0.65	0.13	-0.05	-0.06	0.1	0.3	0.26	0.48	0.49	0.43	0.25	0.2	0.22	0.15	0.08	0.08	0.08	0.02
ILE	CA	LYS	CA	-10.0	-10.0	-10.0	-10.0	-10.0	-10.0	-10.0	1.61	-2.04	-0.79	0.76	0.38	0.35	-0.13	-0.47	-0.7	-0.35	0.05	-0.17	0.16	0.25	0.13	0.05	0.0	0.06	0.05	0.04	0.04	0.09	0.02
ILE	CA	MET	CA	-10.0	-10.0	-10.0	-10.0	-10.0	-10.0	-10.0	1.36	-1.73	-0.11	0.6	0.29	0.6	0.07	-0.24	-0.27	-0.15	0.15	0.13	0.35	0.42	0.28	0.14	0.17	0.13	0.1	0.1	0.05	0.08	0.02
ILE	CA	PHE	CA	-10.0	-10.0	-10.0	-10.0	-10.0	-10.0	-10.0	1.27	-1.78	-0.11	0.49	0.27	0.43	0.18	-0.25	-0.21	-0.06	0.13	0.13	0.37	0.44	0.35	0.2	0.15	0.13	0.11	0.08	0.07	0.07	0.02
ILE	CA	PRO	CA	-10.0	-10.0	-10.0	-10.0	-10.0	-2.81	-3.82	1.52	-1.77	-0.96	0.03	0.21	0.35	0.17	-0.18	-0.35	-0.19	0.04	0.03	0.19	0.18	0.11	0.02	0.04	0.02	0.0	0.06	0.03	0.06	0.02
ILE	CA	SER	CA	-10.0	-10.0	-10.0	-10.0	-10.0	-10.0	-5.97	1.51	-1.7	-0.84	0.53	0.43	0.22	-0.11	-0.46	-0.6	-0.35	-0.04	-0.13	0.17	0.18	0.12	-0.02	0.01	0.0	0.02	0.02	0.02	0.07	0.02
ILE	CA	THR	CA	-10.0	-10.0	-10.0	-10.0	-10.0	-10.0	-5.92	1.5	-1.72	-0.68	0.43	0.45	0.45	0.08	-0.25	-0.45	-0.31	-0.02	-0.06	0.22	0.28	0.2	0.04	0.07	0.07	0.01	0.01	0.02	0.04	0.02
ILE	CA	TRP	CA	-10.0	-10.0	-10.0	-10.0	-10.0	-10.0	-4.6	1.31	-1.57	-0.24	0.36	0.36	0.3	0.03	-0.39	-0.42	-0.22	0.07	0.05	0.22	0.37	0.27	0.16	0.13	0.08	0.01	0.1	0.03	0.08	0.02
ILE	CA	TYR	CA	-10.0	-10.0	-10.0	-10.0	-10.0	-10.0	-10.0	1.37	-1.5	-0.19	0.59	0.42	0.45	0.19	-0.24	-0.37	-0.13	0.1	0.1	0.28	0.37	0.25	0.08	0.06	0.08	0.09	0.05	0.02	0.04	0.02
ILE	CA	VAL	CA	-10.0	-10.0	-10.0	-10.0	-10.0	-10.0	-6.22	1.37	-1.45	0.26	0.47	0.46	0.67	0.29	0.16	-0.03	-0.01	0.11	0.13	0.46	0.47	0.32	0.16	0.12	0.12	0.05	0.02	-0.0	0.06	0.02
LEU	CA	ALA	CA	-10.0	-10.0	-10.0	-10.0	-10.0	-10.0	-10.0	1.55	-1.64	-0.2	1.05	0.46	0.43	-0.07	-0.16	-0.23	-0.05	0.22	0.03	0.28	0.29	0.24	0.11	0.09	0.13	0.08	0.05	0.05	0.09	0.02
LEU	CA	ARG	CA	-10.0	-10.0	-10.0	-10.0	-10.0	-10.0	-10.0	1.65	-2.27	-0.51	0.93	0.4	0.35	-0.24	-0.48	-0.49	-0.26	0.13	-0.06	0.18	0.25	0.19	0.06	0.06	0.13	0.06	0.03	0.04	0.09	0.02
LEU	CA	ASN	CA	-10.0	-10.0	-10.0	-10.0	-10.0	-10.0	-10.0	1.56	-2.4	-0.82	0.69	0.39	0.24	-0.2	-0.52	-0.57	-0.26	0.07	-0.12	0.12	0.18	0.12	0.01	0.01	0.07	0.04	0.04	0.03	0.08	0.02
LEU	CA	ASP	CA	-10.0	-10.0	-10.0	-10.0	-10.0	-10.0	-10.0	1.65	-2.74	-1.08	0.69	0.31	0.11	-0.28	-0.63	-0.62	-0.35	0.05	-0.16	0.09	0.2	0.12	0.01	0.04	0.05	0.05	0.04	0.05	0.08	0.02
LEU	CA	CYS	CA	-10.0	-10.0	-10.0	-10.0	-10.0	-10.0	-10.0	1.44	-1.42	-0.2	0.75	0.52	0.49	0.16	-0.11	-0.13	0.06	0.23	0.22	0.35	0.4	0.3	0.14	0.09	0.16	0.13	0.08	0.08	0.11	0.02
LEU	CA	GLN	CA	-10.0	-10.0	-10.0	-10.0	-10.0	-10.0	-5.87	1.65	-2.27	-0.52	1.0	0.35	0.3	-0.24	-0.57	-0.55	-0.22	0.19	-0.14	0.2	0.23	0.18	0.03	0.05	0.1	0.01	0.04	0.05	0.1	0.02
LEU	CA	GLU	CA	-10.0	-10.0	-10.0	-10.0	-10.0	-10.0	-10.0	1.64	-2.71	-0.82	0.98	0.38	0.17	-0.37	-0.67	-0.61	-0.36	0.11	-0.23	0.17	0.18	0.12	-0.01	0.02	0.06	0.05	0.01	0.03	0.09	0.02
LEU	CA	GLY	CA	-10.0	-10.0	-10.0	-10.0	-10.0	-5.22	-5.24	1.45	-1.17	-0.25	0.55	0.25	0.2	-0.05	-0.35	-0.45	-0.26	0.01	-0.03	0.13	0.16	0.09	0.01	0.0	0.04	0.03	0.05	0.06	0.08	0.02
LEU	CA	HIS	CA	-10.0	-10.0	-10.0	-10.0	-10.0	-10.0	-10.0	1.5	-2.35	-0.55	0.65	0.36	0.25	-0.24	-0.48	-0.47	-0.24	0.05	-0.03	0.19	0.25	0.17	0.11	0.05	0.11	0.04	0.03	0.05	0.1	0.02
LEU	CA	ILE	CA	-10.0	-10.0	-10.0	-10.0	-10.0	-10.0	-10.0	1.32	-2.29	0.13	0.69	0.33	0.65	0.13	-0.05	-0.06	0.1	0.3	0.26	0.48	0.49	0.43	0.25	0.2	0.22	0.15	0.08	0.08	0.08	0.02
LEU	CA	LEU	CA	-10.0	-10.0	-10.0	-10.0	-10.0	-10.0	-10.0	1.36	-2.29	0.0	0.84	0.29	0.57	0.01	-0.06	-0.02	0.13	0.31	0.19	0.45	0.5	0.39	0.28	0.18	0.17	0.13	0.1	0.05	0.08	0.02
LEU	CA	LYS	CA	-10.0	-10.0	-10.0	-10.0	-10.0	-10.0	-10.0	1.74	-2.65	-0.61	0.98	0.4	0.29	-0.27	-0.59	-0.55	-0.28	0.15	-0.13	0.14	0.23	0.12	0.01	0.04	0.08	0.04	0.02	0.06	0.07	0.02
LEU	CA	MET	CA	-10.0	-10.0	-10.0	-10.0	-10.0	-10.0	-10.0	1.48	-1.97	-0.08	0.81	0.25	0.48	-0.11	-0.24	-0.26	-0.03	0.16	0.09	0.38	0.37	0.31	0.2	0.18	0.18	0.1	0.08	0.08	0.06	0.02
LEU	CA	PHE	CA	-10.0	-10.0	-10.0	-10.0	-10.0	-10.0	-10.0	1.33	-1.57	-0.12	0.63	0.38	0.4	0.07	-0.19	-0.18	0.02	0.22	0.18	0.34	0.39	0.35	0.24	0.2	0.21	0.1	0.1	0.06	0.1	0.02
LEU	CA	PRO	CA	-10.0	-10.0	-10.0	-10.0	-10.0	-2.0	-6.13	1.56	-1.53	-0.98	0.11	0.23	0.22	0.08	-0.23	-0.32	-0.14	0.04	0.04	0.17	0.12	0.06	0.03	0.03	0.04	0.02	0.02	-0.0	0.01	0.02
LEU	CA	SER	CA	-10.0	-10.0	-10.0	-10.0	-10.0	-10.0	-6.38	1.55	-2.11	-0.75	0.76	0.36	0.15	-0.25	-0.52	-0.54	-0.28	0.03	-0.14	0.13	0.18	0.13	0.01	0.0	0.05	0.01	0.02	0.01	0.06	0.02
LEU	CA	THR	CA	-10.0	-10.0	-10.0	-10.0	-10.0	-10.0	-10.0	1.6	-2.23	-0.7	0.62	0.32	0.34	-0.1	-0.43	-0.48	-0.21	0.06	-0.07	0.2	0.27	0.17	0.06	0.07	0.08	0.02	0.04	0.01	0.06	0.02
LEU	CA	TRP	CA	-10.0	-10.0	-10.0	-10.0	-10.0	-10.0	-10.0	1.35	-1.6	-0.33	0.67	0.36	0.3	-0.17	-0.19	-0.35	-0.07	0.09	0.11	0.29	0.4	0.19	0.19	0.17	0.16	0.14	0.1	0.06	0.05	0.02
LEU	CA	TYR	CA	-10.0	-10.0	-10.0	-10.0	-10.0	-10.0	-10.0	1.41	-1.59	-0.28	0.71	0.43	0.4	0.04	-0.35	-0.32	-0.12	0.14	0.08	0.31	0.33	0.25	0.14	0.1	0.12	0.07	0.06	0.03	0.07	0.02
LEU	CA	VAL	CA	-10.0	-10.0	-10.0	-10.0	-10.0	-10.0	-10.0	1.35	-2.09	0.05	0.54	0.36	0.65	0.21	-0.02	-0.13	-0.03	0.23	0.21	0.41	0.44	0.3	0.19	0.13	0.14	0.07	0.05	0.03	0.05	0.02
LYS	CA	ALA	CA	-10.0	-10.0	-10.0	-10.0	-10.0	-10.0	-4.96	1.77	-1.77	-0.4	1.1	0.44	0.36	-0.32	-0.61	-0.53	-0.22	0.25	-0.03	0.18	0.15	0.04	-0.1	-0.07	0.03	-0.03	0.02	0.03	0.08	0.02
LYS	CA	ARG	CA	-10.0	-10.0	-10.0	-10.0	-10.0	-10.0	-10.0	1.77	-1.78	-0.62	0.89	0.25	0.32	-0.29	-0.62	-0.64	-0.3	0.14	-0.11	0.1	0.07	0.05	-0.11	-0.1	-0.01	0.03	0.09	0.07	0.12	0.02
LYS	CA	ASN	CA	-10.0	-10.0	-10.0	-10.0	-10.0	-10.0	-5.38	1.78	-1.42	-0.34	0.83	0.54	0.29	-0.12	-0.48	-0.5	-0.18	0.18	-0.06	0.06	0.09	-0.01	-0.12	-0.08	-0.01	-0.04	-0.05	0.03	0.05	0.02
LYS	CA	ASP	CA	-10.0	-10.0	-10.0	-10.0	-10.0	-10.0	-10.0	1.8	-1.58	-0.15	0.99	0.73	0.5	-0.04	-0.35	-0.36	-0.13	0.14	0.04	0.11	0.14	0.07	-0.1	-0.06	0.01	-0.05	0.01	-0.01	0.06	0.02
LYS	CA	CYS	CA	-10.0	-10.0	-10.0	-10.0	-10.0	-10.0	-10.0	1.52	-2.16	-0.56	0.63	0.39	0.16	-0.09	-0.44	-0.44	-0.21	0.04	0.0	0.17	0.19	0.01	-0.06	-0.04	0.01	-0.05	-0.04	0.02	0.05	0.02
LYS	CA	GLN	CA	-10.0	-10.0	-10.0	-10.0	-10.0	-4.81	-5.13	1.83	-2.0	-0.12	1.05	0.49	0.46	-0.21	-0.46	-0.58	-0.24	0.09	-0.11	0.12	0.15	0.02	-0.07	-0.06	0.09	-0.03	0.04	0.04	0.09	0.02
LYS	CA	GLU	CA	-10.0	-10.0	-10.0	-10.0	-10.0	-10.0	-10.0	2.01	-1.18	0.13	1.27	0.55	0.78	0.0	-0.46	-0.51	-0.16	0.2	-0.02	0.19	0.17	0.18	0.02	-0.02	0.09	0.08	0.04	0.06	0.12	0.02
LYS	CA	GLY	CA	-10.0	-10.0	-10.0	-10.0	-5.21	-4.9	-5.91	1.86	-0.91	-0.29	0.68	0.43	0.26	-0.05	-0.41	-0.39	-0.14	0.12	-0.0	0.07	0.08	-0.04	-0.15	-0.1	-0.07	-0.04	-0.02	-0.0	0.05	0.02
LYS	CA	HIS	CA	-10.0	-10.0	-10.0	-10.0	-10.0	-10.0	-4.8	1.5	-1.97	-0.71	0.55	0.38	0.11	-0.26	-0.7	-0.7	-0.45	0.02	-0.1	0.04	0.03	0.01	-0.14	-0.13	-0.09	-0.04	-0.01	-0.03	0.07	0.02
LYS	CA	ILE	CA	-10.0	-10.0	-10.0	-10.0	-10.0	-10.0	-10.0	1.61	-2.04	-0.79	0.76	0.38	0.35	-0.13	-0.47	-0.7	-0.35	0.05	-0.17	0.16	0.25	0.13	0.05	0.0	0.06	0.05	0.04	0.04	0.09	0.02
LYS	CA	LEU	CA	-10.0	-10.0	-10.0	-10.0	-10.0	-10.0	-10.0	1.74	-2.65	-0.61	0.98	0.4	0.29	-0.27	-0.59	-0.55	-0.28	0.15	-0.13	0.14	0.23	0.12	0.01	0.04	0.08	0.04	0.02	0.06	0.07	0.02
LYS	CA	LYS	CA	-10.0	-10.0	-10.0	-10.0	-10.0	-10.0	-10.0	1.75	-2.01	-0.7	0.92	0.35	0.28	-0.34	-0.67	-0.62	-0.29	0.13	-0.14	0.09	0.11	0.05	-0.21	-0.04	0.03	0.01	0.03	0.04	0.02	0.02
LYS	CA	MET	CA	-10.0	-10.0	-10.0	-10.0	-10.0	-10.0	-4.66	1.79	-2.22	-0.58	0.92	0.43	0.24	-0.28	-0.63	-0.58	-0.29	0.14	-0.14	0.18	0.18	0.09	-0.05	0.04	0.07	0.01	0.05	0.05	0.18	0.02
LYS	CA	PHE	CA	-10.0	-10.0	-10.0	-10.0	-10.0	-10.0	-10.0	1.53	-1.92	-0.66	0.83	0.47	0.16	-0.21	-0.64	-0.54	-0.2	0.08	-0.04	0.17	0.2	0.05	-0.04	0.05	0.04	0.05	0.03	0.06	0.07	0.02
LYS	CA	PRO	CA	-10.0	-10.0	-10.0	-10.0	-4.62	-1.5	-3.37	1.82	-1.41	-0.56	0.24	0.3	0.46	0.15	-0.23	-0.34	-0.06	0.18	0.07	0.17	0.16	0.1	0.02	0.04	0.05	0.12	0.05	0.04	0.07	0.02
LYS	CA	SER	CA	-10.0	-10.0	-10.0	-10.0	-10.0	-10.0	-10.0	1.7	-1.32	-0.47	0.9	0.39	0.29	-0.08	-0.45	-0.49	-0.2	0.12	-0.02	0.1	0.1	-0.01	-0.08	-0.04	0.01	-0.03	-0.01	0.04	0.1	0.02
LYS	CA	THR	CA	-10.0	-10.0	-10.0	-10.0	-10.0	-10.0	-10.0	1.65	-1.28	-0.55	0.75	0.34	0.25	-0.01	-0.45	-0.63	-0.21	0.05	-0.11	0.08	0.11	-0.04	-0.12	-0.06	-0.07	-0.04	-0.03	0.0	0.05	0.02
LYS	CA	TRP	CA	-10.0	-10.0	-10.0	-10.0	-10.0	-10.0	-10.0	1.7	-1.36	-0.35	0.91	0.48	0.22	-0.08	-0.54	-0.56	-0.14	0.07	0.02	0.1	0.18	0.06	-0.06	-0.03	0.02	0.02	-0.01	-0.01	0.1	0.02
LYS	CA	TYR	CA	-10.0	-10.0	-10.0	-10.0	-10.0	-10.0	-4.6	1.59	-1.02	-0.31	0.88	0.52	0.33	0.04	-0.49	-0.53	-0.22	0.11	-0.05	0.16	0.13	0.05	-0.01	0.02	0.06	-0.01	0.05	0.04	0.11	0.02
LYS	CA	VAL	CA	-10.0	-10.0	-10.0	-10.0	-10.0	-10.0	-10.0	1.67	-1.84	-0.74	0.71	0.43	0.44	0.01	-0.54	-0.66	-0.37	0.08	-0.03	0.23	0.29	0.13	0.02	0.01	0.05	0.05	0.06	0.08	0.1	0.02
MET	CA	ALA	CA	-10.0	-10.0	-10.0	-10.0	-10.0	-10.0	-10.0	1.47	-1.42	-0.18	0.97	0.38	0.38	-0.16	-0.44	-0.38	-0.07	0.21	0.08	0.25	0.23	0.21	0.03	0.03	0.08	0.03	0.04	0.04	0.1	0.02
MET	CA	ARG	CA	-10.0	-10.0	-10.0	-10.0	-10.0	-10.0	-10.0	1.59	-2.4	-0.66	0.89	0.29	0.18	-0.32	-0.64	-0.61	-0.2	0.12	-0.06	0.12	0.17	0.08	-0.05	0.0	-0.02	0.05	0.03	0.04	0.07	0.02
MET	CA	ASN	CA	-10.0	-10.0	-10.0	-10.0	-10.0	-10.0	-10.0	1.47	-2.43	-0.73	0.65	0.38	0.25	-0.09	-0.68	-0.7	-0.34	0.01	-0.14	0.07	0.13	0.07	-0.05	-0.04	0.04	-0.03	0.01	0.02	0.02	0.02
MET	CA	ASP	CA	-10.0	-10.0	-10.0	-10.0	-10.0	-10.0	-10.0	1.56	-2.17	-0.81	0.76	0.3	0.17	-0.28	-0.75	-0.63	-0.28	0.09	-0.15	0.09	0.17	0.09	0.0	-0.0	0.07	0.03	0.07	0.09	0.09	0.02
MET	CA	CYS	CA	-10.0	-10.0	-10.0	-10.0	-10.0	-10.0	-10.0	1.22	-1.58	-0.09	0.62	0.56	0.65	0.19	-0.32	-0.41	0.02	0.15	0.15	0.33	0.49	0.28	0.11	0.1	0.11	0.1	-0.04	0.05	0.04	0.02
MET	CA	GLN	CA	-10.0	-10.0	-10.0	-10.0	-10.0	-10.0	-10.0	1.53	-2.07	-0.46	0.94	0.38	0.14	-0.3	-0.73	-0.56	-0.36	0.1	-0.13	0.1	0.14	0.05	-0.05	-0.02	0.02	-0.06	-0.02	-0.0	0.07	0.02
MET	CA	GLU	CA	-10.0	-10.0	-10.0	-10.0	-10.0	-10.0	-4.8	1.73	-1.8	-0.81	0.99	0.35	0.23	-0.42	-0.59	-0.68	-0.32	0.14	-0.18	0.16	0.13	0.06	0.02	0.05	0.12	0.04	0.1	0.11	0.17	0.02
MET	CA	GLY	CA	-10.0	-10.0	-10.0	-10.0	-10.0	-10.0	-10.0	1.42	-0.91	-0.42	0.5	0.22	0.12	-0.1	-0.38	-0.42	-0.23	0.0	-0.09	0.07	0.05	-0.0	-0.1	-0.11	-0.03	-0.07	-0.06	-0.02	-0.0	0.02
MET	CA	HIS	CA	-10.0	-10.0	-10.0	-10.0	-10.0	-10.0	-4.09	1.45	-1.7	-0.52	0.75	0.47	0.17	-0.29	-0.47	-0.4	-0.17	0.05	-0.12	0.16	0.24	0.15	0.01	0.02	0.05	0.01	-0.01	0.03	0.06	0.02
MET	CA	ILE	CA	-10.0	-10.0	-10.0	-10.0	-10.0	-10.0	-10.0	1.36	-1.73	-0.11	0.6	0.29	0.6	0.07	-0.24	-0.27	-0.15	0.15	0.13	0.35	0.42	0.28	0.14	0.17	0.13	0.1	0.1	0.05	0.08	0.02
MET	CA	LEU	CA	-10.0	-10.0	-10.0	-10.0	-10.0	-10.0	-10.0	1.48	-1.97	-0.08	0.81	0.25	0.48	-0.11	-0.24	-0.26	-0.03	0.16	0.09	0.38	0.37	0.31	0.2	0.18	0.18	0.1	0.08	0.08	0.06	0.02
MET	CA	LYS	CA	-10.0	-10.0	-10.0	-10.0	-10.0	-10.0	-4.66	1.79	-2.22	-0.58	0.92	0.43	0.24	-0.28	-0.63	-0.58	-0.29	0.14	-0.14	0.18	0.18	0.09	-0.05	0.04	0.07	0.01	0.05	0.05	0.18	0.02
MET	CA	MET	CA	-10.0	-10.0	-10.0	-10.0	-10.0	-10.0	-10.0	1.47	-1.67	-0.12	0.99	0.41	0.65	0.05	-0.26	-0.39	-0.06	0.22	0.1	0.34	0.29	0.19	0.12	0.13	0.33	0.0	0.02	0.08	0.09	0.02
MET	CA	PHE	CA	-10.0	-10.0	-10.0	-10.0	-10.0	-10.0	-10.0	1.35	-1.31	-0.14	0.56	0.38	0.43	0.04	-0.34	-0.32	-0.11	0.21	0.18	0.28	0.31	0.21	0.1	0.13	0.13	0.05	0.08	0.03	0.04	0.02
MET	CA	PRO	CA	-10.0	-10.0	-10.0	-10.0	-10.0	-1.53	-3.52	1.43	-1.75	-0.85	0.21	0.37	0.28	0.01	-0.26	-0.34	-0.23	0.07	0.03	0.16	0.07	0.04	-0.05	-0.06	-0.04	0.03	-0.02	-0.01	0.01	0.02
MET	CA	SER	CA	-10.0	-10.0	-10.0	-10.0	-10.0	-10.0	-10.0	1.46	-1.41	-0.73	0.71	0.28	0.18	-0.25	-0.44	-0.57	-0.26	0.09	-0.02	0.1	0.14	0.12	-0.03	0.02	0.01	-0.0	0.06	0.02	0.07	0.02
MET	CA	THR	CA	-10.0	-10.0	-10.0	-10.0	-10.0	-10.0	-10.0	1.43	-1.69	-0.73	0.61	0.41	0.24	-0.14	-0.49	-0.5	-0.27	0.06	-0.06	0.14	0.24	0.14	-0.04	-0.04	0.04	-0.01	0.03	0.02	0.06	0.02
MET	CA	TRP	CA	-10.0	-10.0	-10.0	-10.0	-10.0	-10.0	-10.0	1.25	-1.44	-0.26	0.66	0.34	0.32	0.09	-0.35	-0.42	-0.06	0.18	0.21	0.39	0.39	0.16	0.09	0.15	0.2	0.12	0.13	0.1	0.05	0.02
MET	CA	TYR	CA	-10.0	-10.0	-10.0	-10.0	-10.0	-10.0	-10.0	1.27	-1.43	-0.22	0.79	0.35	0.32	-0.11	-0.38	-0.35	-0.12	0.08	0.1	0.28	0.31	0.23	0.12	0.11	0.09	0.05	0.06	0.08	0.02	0.02
MET	CA	VAL	CA	-10.0	-10.0	-10.0	-10.0	-10.0	-10.0	-10.0	1.41	-1.48	-0.12	0.63	0.4	0.61	0.09	-0.13	-0.47	-0.09	0.14	0.07	0.41	0.4	0.26	0.14	0.11	0.13	0.09	0.04	0.01	0.08	0.02
PHE	CA	ALA	CA	-10.0	-10.0	-10.0	-10.0	-10.0	-10.0	-5.29	1.43	-1.41	-0.35	0.82	0.45	0.24	-0.13	-0.37	-0.35	-0.11	0.2	0.07	0.23	0.22	0.12	0.04	0.05	0.07	0.07	0.05	0.06	0.11	0.02
PHE	CA	ARG	CA	-10.0	-10.0	-10.0	-10.0	-10.0	-10.0	-10.0	1.56	-1.76	-0.59	0.68	0.51	0.15	-0.22	-0.52	-0.42	-0.26	0.1	-0.0	0.12	0.17	0.04	0.0	0.0	0.04	0.02	0.03	0.1	0.02	0.02
PHE	CA	ASN	CA	-10.0	-10.0	-10.0	-10.0	-10.0	-10.0	-10.0	1.55	-1.97	-0.74	0.58	0.47	0.27	-0.09	-0.43	-0.47	-0.27	0.1	-0.01	0.1	0.18	0.12	0.01	0.0	0.06	-0.01	0.06	0.12	0.06	0.02
PHE	CA	ASP	CA	-10.0	-10.0	-10.0	-10.0	-10.0	-10.0	-5.6	1.66	-2.3	-1.12	0.59	0.39	0.06	-0.35	-0.64	-0.72	-0.3	-0.05	-0.15	0.03	0.08	0.02	-0.06	-0.02	-0.05	-0.0	-0.01	0.01	0.03	0.02
PHE	CA	CYS	CA	-10.0	-10.0	-10.0	-10.0	-10.0	-10.0	-10.0	1.46	-0.92	-0.22	0.71	0.61	0.59	0.18	-0.09	-0.12	0.14	0.19	0.3	0.34	0.39	0.24	0.11	0.14	0.13	0.04	0.05	0.09	0.15	0.02
PHE	CA	GLN	CA	-10.0	-10.0	-10.0	-10.0	-10.0	-10.0	-10.0	1.48	-1.71	-0.55	0.84	0.36	0.13	-0.19	-0.58	-0.63	-0.29	0.06	-0.06	0.14	0.13	0.07	-0.03	-0.03	0.05	0.03	0.08	0.05	0.1	0.02
PHE	CA	GLU	CA	-10.0	-10.0	-10.0	-10.0	-10.0	-10.0	-10.0	1.57	-2.04	-0.71	0.78	0.49	0.01	-0.31	-0.69	-0.68	-0.33	0.11	-0.11	0.12	0.14	0.03	-0.05	-0.0	0.09	0.02	0.05	0.01	0.11	0.02
PHE	CA	GLY	CA	-10.0	-10.0	-10.0	-10.0	-10.0	-5.59	-5.21	1.57	-0.85	-0.27	0.51	0.33	0.03	-0.16	-0.36	-0.44	-0.17	0.04	-0.01	0.07	0.06	0.0	-0.08	-0.04	-0.03	-0.02	-0.01	0.05	0.05	0.02
PHE	CA	HIS	CA	-10.0	-10.0	-10.0	-10.0	-10.0	-10.0	-10.0	1.49	-1.72	-0.67	0.54	0.37	0.18	-0.13	-0.47	-0.56	-0.22	0.06	0.05	0.09	0.24	0.08	0.03	0.0	0.02	-0.04	0.05	0.03	0.06	0.02
PHE	CA	ILE	CA	-10.0	-10.0	-10.0	-10.0	-10.0	-10.0	-10.0	1.27	-1.78	-0.11	0.49	0.27	0.43	0.18	-0.25	-0.21	-0.06	0.13	0.13	0.37	0.44	0.35	0.2	0.15	0.13	0.11	0.08	0.07	0.07	0.02
PHE	CA	LEU	CA	-10.0	-10.0	-10.0	-10.0	-10.0	-10.0	-10.0	1.33	-1.57	-0.12	0.63	0.38	0.4	0.07	-0.19	-0.18	0.02	0.22	0.18	0.34	0.39	0.35	0.24	0.2	0.21	0.1	0.1	0.06	0.1	0.02
PHE	CA	LYS	CA	-10.0	-10.0	-10.0	-10.0	-10.0	-10.0	-10.0	1.53	-1.92	-0.66	0.83	0.47	0.16	-0.21	-0.64	-0.54	-0.2	0.08	-0.04	0.17	0.2	0.05	-0.04	0.05	0.04	0.05	0.03	0.06	0.07	0.02
PHE	CA	MET	CA	-10.0	-10.0	-10.0	-10.0	-10.0	-10.0	-10.0	1.35	-1.31	-0.14	0.56	0.38	0.43	0.04	-0.34	-0.32	-0.11	0.21	0.18	0.28	0.31	0.21	0.1	0.13	0.13	0.05	0.08	0.03	0.04	0.02
PHE	CA	PHE	CA	-10.0	-10.0	-10.0	-10.0	-10.0	-10.0	-10.0	1.18	-1.23	-0.16	0.54	0.4	0.28	0.02	-0.19	-0.37	-0.1	0.17	0.18	0.35	0.34	0.24	0.16	0.11	0.11	0.11	0.09	0.01	-0.01	0.02
PHE	CA	PRO	CA	-10.0	-10.0	-10.0	-10.0	-10.0	-1.25	-2.93	1.56	-1.02	-0.62	0.21	0.31	0.3	0.12	-0.14	-0.23	-0.05	0.1	0.08	0.17	0.09	0.05	0.0	-0.01	0.0	0.04	0.03	0.01	0.05	0.02
PHE	CA	SER	CA	-10.0	-10.0	-10.0	-10.0	-10.0	-5.32	-4.54	1.53	-1.51	-0.58	0.69	0.48	0.18	-0.18	-0.43	-0.5	-0.26	0.03	-0.04	0.11	0.18	0.07	-0.01	-0.01	0.03	0.02	0.03	0.03	0.02	0.02
PHE	CA	THR	CA	-10.0	-10.0	-10.0	-10.0	-10.0	-10.0	-10.0	1.6	-1.82	-0.67	0.59	0.4	0.29	-0.04	-0.5	-0.51	-0.23	0.04	0.02	0.21	0.24	0.13	0.01	0.06	0.04	0.04	0.06	0.06	0.05	0.02
PHE	CA	TRP	CA	-10.0	-10.0	-10.0	-10.0	-10.0	-10.0	-10.0	1.32	-1.24	-0.08	0.49	0.38	0.33	0.0	-0.32	-0.33	-0.09	0.26	0.19	0.27	0.31	0.26	0.15	0.13	0.15	0.14	0.1	0.13	0.19	0.02
PHE	CA	TYR	CA	-10.0	-10.0	-10.0	-10.0	-10.0	-10.0	-10.0	1.41	-1.3	-0.29	0.52	0.42	0.26	-0.02	-0.31	-0.4	-0.14	0.12	0.09	0.27	0.29	0.15	0.04	0.04	0.05	0.03	0.02	0.04	0.04	0.02
PHE	CA	VAL	CA	-10.0	-10.0	-10.0	-10.0	-10.0	-10.0	-10.0	1.38	-1.39	-0.13	0.51	0.37	0.53	0.26	-0.26	-0.26	-0.17	0.1	0.11	0.36	0.44	0.26	0.16	0.07	0.06	0.07	0.06	0.05	0.05	0.02
PRO	CA	ALA	CA	-10.0	-10.0	-10.0	-10.0	-10.0	-1.57	-3.7	1.52	-1.41	-0.39	0.31	0.36	0.36	0.01	-0.27	-0.31	-0.12	0.13	0.05	0.18	0.14	0.02	-0.03	0.01	0.03	0.04	0.04	0.05	0.03	0.02
PRO	CA	ARG	CA	-10.0	-10.0	-10.0	-10.0	-4.66	-1.58	-3.97	1.57	-1.45	-0.72	0.2	0.24	0.44	0.12	-0.26	-0.28	-0.08	0.15	0.12	0.18	0.14	0.08	-0.01	0.02	0.04	0.04	0.03	0.01	0.07	0.02
PRO	CA	ASN	CA	-10.0	-10.0	-10.0	-10.0	-10.0	-1.19	-2.8	1.91	-1.44	-0.5	0.23	0.33	0.47	0.22	-0.04	-0.21	0.02	0.12	0.11	0.13	0.07	0.01	0.0	-0.03	0.02	0.03	0.04	0.05	0.03	0.02
PRO	CA	ASP	CA	-10.0	-10.0	-10.0	-10.0	-10.0	-1.92	-4.11	1.9	-1.69	-0.84	0.26	0.36	0.33	0.05	-0.22	-0.3	-0.08	0.04	0.07	0.1	0.09	0.01	-0.03	-0.01	0.01	0.03	-0.0	0.05	0.05	0.02
PRO	CA	CYS	CA	-10.0	-10.0	-10.0	-10.0	-10.0	-10.0	-10.0	1.72	-0.88	-0.42	0.28	0.43	0.48	0.37	0.03	0.01	0.12	0.32	0.21	0.28	0.19	0.14	0.11	0.03	0.08	0.07	0.15	0.08	0.1	0.02
PRO	CA	GLN	CA	-10.0	-10.0	-10.0	-10.0	-10.0	-1.23	-4.32	1.76	-1.32	-0.46	0.28	0.36	0.52	0.09	-0.12	-0.26	-0.12	0.17	0.12	0.18	0.19	0.06	0.01	0.06	0.11	0.07	0.04	0.05	0.09	0.02
PRO	CA	GLU	CA	-10.0	-10.0	-10.0	-10.0	-10.0	-1.27	-2.73	1.84	-1.75	-0.95	0.32	0.29	0.37	0.01	-0.19	-0.36	-0.11	0.1	0.07	0.12	0.11	0.03	0.01	0.02	0.04	0.04	0.08	0.07	0.1	0.02
PRO	CA	GLY	CA	-10.0	-10.0	-10.0	-10.0	-10.0	-1.16	-3.68	1.63	-0.58	-0.21	0.25	0.32	0.45	0.13	-0.14	-0.21	-0.08	0.09	0.1	0.1	0.06	-0.04	-0.04	-0.04	-0.0	0.0	0.04	0.0	0.03	0.02
PRO	CA	HIS	CA	-10.0	-10.0	-10.0	-10.0	-10.0	-1.5	-4.76	1.75	-1.27	-0.87	0.2	0.26	0.32	0.06	-0.24	-0.28	-0.14	0.08	0.06	0.13	0.06	-0.07	-0.01	0.04	0.06	0.06	0.01	0.01	0.04	0.02
PRO	CA	ILE	CA	-10.0	-10.0	-10.0	-10.0	-10.0	-2.81	-3.82	1.52	-1.77	-0.96	0.03	0.21	0.35	0.17	-0.18	-0.35	-0.19	0.04	0.03	0.19	0.18	0.11	0.02	0.04	0.02	0.0	0.06	0.03	0.06	0.02
PRO	CA	LEU	CA	-10.0	-10.0	-10.0	-10.0	-10.0	-2.0	-6.13	1.56	-1.53	-0.98	0.11	0.23	0.22	0.08	-0.23	-0.32	-0.14	0.04	0.04	0.17	0.12	0.06	0.03	0.03	0.04	0.02	0.02	-0.0	0.01	0.02
PRO	CA	LYS	CA	-10.0	-10.0	-10.0	-10.0	-4.62	-1.5	-3.37	1.82	-1.41	-0.56	0.24	0.3	0.46	0.15	-0.23	-0.34	-0.06	0.18	0.07	0.17	0.16	0.1	0.02	0.04	0.05	0.12	0.05	0.04	0.07	0.02
PRO	CA	MET	CA	-10.0	-10.0	-10.0	-10.0	-10.0	-1.53	-3.52	1.43	-1.75	-0.85	0.21	0.37	0.28	0.01	-0.26	-0.34	-0.23	0.07	0.03	0.16	0.07	0.04	-0.05	-0.06	-0.04	0.03	-0.02	-0.01	0.01	0.02
PRO	CA	PHE	CA	-10.0	-10.0	-10.0	-10.0	-10.0	-1.25	-2.93	1.56	-1.02	-0.62	0.21	0.31	0.3	0.12	-0.14	-0.23	-0.05	0.1	0.08	0.17	0.09	0.05	0.0	-0.01	0.0	0.04	0.03	0.01	0.05	0.02
PRO	CA	PRO	CA	-10.0	-10.0	-10.0	-10.0	-10.0	-0.58	-2.26	1.46	-1.23	-0.59	-0.52	0.27	0.68	0.42	0.14	-0.03	-0.0	0.21	0.25	0.22	0.18	0.09	0.07	0.04	-0.04	0.06	-0.0	0.05	0.01	0.02
PRO	CA	SER	CA	-10.0	-10.0	-10.0	-10.0	-10.0	-1.38	-3.33	1.7	-1.17	-0.45	0.29	0.42	0.43	0.23	-0.05	-0.24	-0.01	0.15	0.14	0.15	0.1	0.03	-0.02	-0.03	0.05	0.04	0.05	0.05	0.06	0.02
PRO	CA	THR	CA	-10.0	-10.0	-10.0	-10.0	-10.0	-1.88	-3.26	1.73	-1.21	-0.64	0.12	0.41	0.4	0.18	-0.1	-0.26	-0.12	0.07	0.08	0.15	0.1	-0.02	-0.03	-0.09	0.02	-0.01	0.03	0.03	0.04	0.02
PRO	CA	TRP	CA	-10.0	-10.0	-10.0	-10.0	-10.0	-1.1	-2.8	1.31	-1.11	-0.7	0.12	0.23	0.39	0.07	-0.04	-0.15	0.04	0.12	0.13	0.19	0.17	0.08	-0.01	-0.03	-0.01	-0.02	-0.02	-0.01	0.06	0.02
PRO	CA	TYR	CA	-10.0	-10.0	-10.0	-10.0	-10.0	-0.93	-2.33	1.61	-0.89	-0.6	0.25	0.41	0.44	0.16	-0.09	-0.1	0.0	0.2	0.19	0.21	0.22	0.08	0.05	0.04	0.06	0.06	0.09	0.01	0.03	0.02
PRO	CA	VAL	CA	-10.0	-10.0	-10.0	-10.0	-10.0	-2.2	-3.77	1.6	-1.52	-0.84	0.11	0.34	0.43	0.23	-0.19	-0.37	-0.2	0.05	0.07	0.23	0.23	0.14	0.09	0.05	0.07	0.04	0.08	0.06	0.08	0.02
SER	CA	ALA	CA	-10.0	-10.0	-10.0	-10.0	-10.0	-10.0	-10.0	1.52	-1.46	-0.43	0.89	0.38	0.24	-0.33	-0.56	-0.57	-0.21	0.16	-0.03	0.12	0.13	0.03	-0.11	-0.08	0.0	-0.05	-0.01	0.02	0.09	0.02
SER	CA	ARG	CA	-10.0	-10.0	-10.0	-10.0	-10.0	-10.0	-10.0	1.62	-1.5	-0.51	0.8	0.33	0.29	-0.15	-0.44	-0.56	-0.19	0.12	-0.04	0.15	0.08	-0.01	-0.1	-0.05	0.0	-0.03	0.01	0.02	0.08	0.02
SER	CA	ASN	CA	-10.0	-10.0	-10.0	-10.0	-10.0	-4.55	-5.57	1.59	-1.36	-0.4	0.74	0.5	0.24	-0.01	-0.26	-0.42	-0.13	0.13	-0.02	0.08	0.11	0.02	-0.07	-0.02	-0.04	-0.02	-0.03	0.02	0.06	0.02
SER	CA	ASP	CA	-10.0	-10.0	-10.0	-10.0	-10.0	-10.0	-5.08	1.65	-1.41	-0.45	0.95	0.68	0.16	-0.06	-0.42	-0.42	-0.16	-0.02	-0.06	0.05	0.06	-0.0	-0.09	-0.02	-0.01	-0.04	-0.01	0.05	0.1	0.02
SER	CA	CYS	CA	-10.0	-10.0	-10.0	-10.0	-10.0	-10.0	-10.0	1.67	-1.13	-0.38	0.9	0.67	0.42	0.08	-0.2	-0.27	0.03	0.28	0.18	0.23	0.29	0.17	0.06	0.05	0.01	-0.02	0.03	0.04	0.06	0.02
SER	CA	GLN	CA	-10.0	-10.0	-10.0	-10.0	-10.0	-10.0	-10.0	1.64	-1.28	-0.49	0.86	0.35	0.34	-0.06	-0.4	-0.38	-0.16	0.11	-0.06	0.11	0.18	0.07	-0.04	-0.06	0.03	-0.02	0.01	0.09	0.09	0.02
SER	CA	GLU	CA	-10.0	-10.0	-10.0	-10.0	-10.0	-10.0	-10.0	1.59	-1.76	-0.56	0.95	0.26	0.15	-0.27	-0.51	-0.55	-0.26	0.06	-0.19	0.06	0.01	-0.03	-0.13	-0.08	-0.04	-0.08	-0.04	-0.01	0.06	0.02
SER	CA	GLY	CA	-10.0	-10.0	-10.0	-10.0	-10.0	-4.23	-6.16	1.72	-0.56	0.01	0.66	0.45	0.13	0.01	-0.27	-0.29	-0.06	0.07	0.0	0.07	0.03	0.0	-0.11	-0.06	-0.01	-0.04	-0.01	0.01	0.02	0.02
SER	CA	HIS	CA	-10.0	-10.0	-10.0	-10.0	-10.0	-10.0	-4.95	1.6	-1.45	-0.45	0.76	0.39	0.29	-0.1	-0.29	-0.26	-0.05	0.16	0.02	0.16	0.09	0.05	-0.01	0.02	0.04	0.04	-0.02	0.08	0.12	0.02
SER	CA	ILE	CA	-10.0	-10.0	-10.0	-10.0	-10.0	-10.0	-5.97	1.51	-1.7	-0.84	0.53	0.43	0.22	-0.11	-0.46	-0.6	-0.35	-0.04	-0.13	0.17	0.18	0.12	-0.02	0.01	0.0	0.02	0.02	0.02	0.07	0.02
SER	CA	LEU	CA	-10.0	-10.0	-10.0	-10.0	-10.0	-10.0	-6.38	1.55	-2.11	-0.75	0.76	0.36	0.15	-0.25	-0.52	-0.54	-0.28	0.03	-0.14	0.13	0.18	0.13	0.01	0.0	0.05	0.01	0.02	0.01	0.06	0.02
SER	CA	LYS	CA	-10.0	-10.0	-10.0	-10.0	-10.0	-10.0	-10.0	1.7	-1.32	-0.47	0.9	0.39	0.29	-0.08	-0.45	-0.49	-0.2	0.12	-0.02	0.1	0.1	-0.01	-0.08	-0.04	0.01	-0.03	-0.01	0.04	0.1	0.02
SER	CA	MET	CA	-10.0	-10.0	-10.0	-10.0	-10.0	-10.0	-10.0	1.46	-1.41	-0.73	0.71	0.28	0.18	-0.25	-0.44	-0.57	-0.26	0.09	-0.02	0.1	0.14	0.12	-0.03	0.02	0.01	-0.0	0.06	0.02	0.07	0.02
SER	CA	PHE	CA	-10.0	-10.0	-10.0	-10.0	-10.0	-5.32	-4.54	1.53	-1.51	-0.58	0.69	0.48	0.18	-0.18	-0.43	-0.5	-0.26	0.03	-0.04	0.11	0.18	0.07	-0.01	-0.01	0.03	0.02	0.03	0.03	0.02	0.02
SER	CA	PRO	CA	-10.0	-10.0	-10.0	-10.0	-10.0	-1.38	-3.33	1.7	-1.17	-0.45	0.29	0.42	0.43	0.23	-0.05	-0.24	-0.01	0.15	0.14	0.15	0.1	0.03	-0.02	-0.03	0.05	0.04	0.05	0.05	0.06	0.02
SER	CA	SER	CA	-10.0	-10.0	-10.0	-10.0	-10.0	-10.0	-10.0	1.74	-0.92	-0.26	0.86	0.5	0.24	-0.02	-0.32	-0.38	-0.07	0.14	0.07	0.11	0.11	0.02	-0.08	-0.05	-0.02	-0.08	-0.01	0.09	0.07	0.02
SER	CA	THR	CA	-10.0	-10.0	-10.0	-10.0	-10.0	-10.0	-5.17	1.54	-1.01	-0.52	0.72	0.4	0.26	0.11	-0.34	-0.52	-0.12	0.09	-0.04	0.15	0.11	0.08	-0.03	-0.01	-0.01	-0.03	-0.01	0.05	0.05	0.02
SER	CA	TRP	CA	-10.0	-10.0	-10.0	-10.0	-10.0	-3.23	-4.65	1.62	-1.41	-0.46	0.71	0.44	0.14	-0.26	-0.47	-0.61	-0.15	0.09	0.11	0.12	0.2	0.06	-0.08	-0.01	0.07	0.04	0.02	0.1	0.12	0.02
SER	CA	TYR	CA	-10.0	-10.0	-10.0	-10.0	-10.0	-10.0	-4.81	1.55	-1.52	-0.62	0.76	0.39	0.15	-0.2	-0.46	-0.44	-0.24	0.06	-0.02	0.15	0.16	0.04	-0.01	-0.02	-0.03	-0.0	0.04	0.04	0.04	0.02
SER	CA	VAL	CA	-10.0	-10.0	-10.0	-10.0	-10.0	-10.0	-10.0	1.48	-1.68	-0.75	0.49	0.42	0.25	0.02	-0.47	-0.65	-0.38	-0.05	-0.05	0.18	0.26	0.12	-0.01	-0.02	0.01	0.0	0.03	0.04	0.06	0.02
THR	CA	ALA	CA	-10.0	-10.0	-10.0	-10.0	-10.0	-10.0	-10.0	1.45	-1.45	-0.51	0.79	0.44	0.31	-0.01	-0.46	-0.5	-0.25	0.14	0.0	0.2	0.2	0.09	-0.06	-0.07	0.0	-0.02	-0.01	0.02	0.08	0.02
THR	CA	ARG	CA	-10.0	-10.0	-10.0	-10.0	-10.0	-10.0	-10.0	1.5	-1.3	-0.52	0.69	0.36	0.24	-0.1	-0.45	-0.57	-0.23	0.09	-0.07	0.08	0.11	0.06	-0.06	-0.05	-0.03	-0.04	-0.03	-0.02	0.07	0.02
THR	CA	ASN	CA	-10.0	-10.0	-10.0	-10.0	-10.0	-10.0	-10.0	1.52	-1.39	-0.34	0.66	0.55	0.34	0.12	-0.29	-0.45	-0.15	0.07	-0.04	0.06	0.1	0.02	-0.04	-0.06	0.0	-0.02	0.02	0.01	0.08	0.02
THR	CA	ASP	CA	-10.0	-10.0	-10.0	-10.0	-10.0	-10.0	-10.0	1.59	-1.67	-0.61	0.79	0.59	0.18	-0.05	-0.42	-0.53	-0.23	-0.01	-0.06	0.07	0.09	-0.0	-0.06	-0.04	-0.03	-0.0	0.0	-0.01	0.09	0.02
THR	CA	CYS	CA	-10.0	-10.0	-10.0	-10.0	-10.0	-10.0	-4.41	1.58	-1.18	-0.53	0.59	0.68	0.41	0.11	-0.2	-0.22	0.03	0.19	0.17	0.3	0.27	0.2	0.13	-0.0	0.08	-0.04	0.05	0.1	0.07	0.02
THR	CA	GLN	CA	-10.0	-10.0	-10.0	-10.0	-10.0	-10.0	-5.31	1.62	-1.44	-0.43	0.91	0.36	0.3	0.05	-0.41	-0.58	-0.19	0.12	-0.09	0.15	0.18	0.01	-0.1	-0.01	-0.0	-0.01	0.04	0.02	0.09	0.02
THR	CA	GLU	CA	-10.0	-10.0	-10.0	-10.0	-10.0	-5.43	-5.75	1.64	-1.51	-0.68	0.98	0.31	0.22	-0.09	-0.51	-0.72	-0.2	0.05	-0.1	0.08	0.13	0.04	-0.08	-0.05	0.03	-0.06	-0.01	0.03	0.08	0.02
THR	CA	GLY	CA	-10.0	-10.0	-10.0	-10.0	-10.0	-4.72	-6.13	1.67	-0.77	-0.12	0.62	0.47	0.27	0.06	-0.3	-0.37	-0.13	0.05	0.02	0.12	0.14	0.03	-0.05	-0.04	0.01	0.01	0.01	0.05	0.06	0.02
THR	CA	HIS	CA	-10.0	-10.0	-10.0	-10.0	-10.0	-10.0	-4.31	1.49	-1.37	-0.28	0.63	0.44	0.22	-0.05	-0.37	-0.42	-0.22	0.03	0.01	0.12	0.14	0.04	-0.05	-0.04	-0.05	-0.04	-0.02	-0.0	0.03	0.02
THR	CA	ILE	CA	-10.0	-10.0	-10.0	-10.0	-10.0	-10.0	-5.92	1.5	-1.72	-0.68	0.43	0.45	0.45	0.08	-0.25	-0.45	-0.31	-0.02	-0.06	0.22	0.28	0.2	0.04	0.07	0.07	0.01	0.01	0.02	0.04	0.02
THR	CA	LEU	CA	-10.0	-10.0	-10.0	-10.0	-10.0	-10.0	-10.0	1.6	-2.23	-0.7	0.62	0.32	0.34	-0.1	-0.43	-0.48	-0.21	0.06	-0.07	0.2	0.27	0.17	0.06	0.07	0.08	0.02	0.04	0.01	0.06	0.02
THR	CA	LYS	CA	-10.0	-10.0	-10.0	-10.0	-10.0	-10.0	-10.0	1.65	-1.28	-0.55	0.75	0.34	0.25	-0.01	-0.45	-0.63	-0.21	0.05	-0.11	0.08	0.11	-0.04	-0.12	-0.06	-0.07	-0.04	-0.03	0.0	0.05	0.02
THR	CA	MET	CA	-10.0	-10.0	-10.0	-10.0	-10.0	-10.0	-10.0	1.43	-1.69	-0.73	0.61	0.41	0.24	-0.14	-0.49	-0.5	-0.27	0.06	-0.06	0.14	0.24	0.14	-0.04	-0.04	0.04	-0.01	0.03	0.02	0.06	0.02
THR	CA	PHE	CA	-10.0	-10.0	-10.0	-10.0	-10.0	-10.0	-10.0	1.6	-1.82	-0.67	0.59	0.4	0.29	-0.04	-0.5	-0.51	-0.23	0.04	0.02	0.21	0.24	0.13	0.01	0.06	0.04	0.04	0.06	0.06	0.05	0.02
THR	CA	PRO	CA	-10.0	-10.0	-10.0	-10.0	-10.0	-1.88	-3.26	1.73	-1.21	-0.64	0.12	0.41	0.4	0.18	-0.1	-0.26	-0.12	0.07	0.08	0.15	0.1	-0.02	-0.03	-0.09	0.02	-0.01	0.03	0.03	0.04	0.02
THR	CA	SER	CA	-10.0	-10.0	-10.0	-10.0	-10.0	-10.0	-5.17	1.54	-1.01	-0.52	0.72	0.4	0.26	0.11	-0.34	-0.52	-0.12	0.09	-0.04	0.15	0.11	0.08	-0.03	-0.01	-0.01	-0.03	-0.01	0.05	0.05	0.02
THR	CA	THR	CA	-10.0	-10.0	-10.0	-10.0	-10.0	-10.0	-5.16	1.55	-0.47	-0.47	0.72	0.38	0.29	0.23	-0.28	-0.45	-0.13	0.1	-0.06	0.15	0.22	0.08	-0.03	-0.01	0.02	-0.03	0.03	0.06	0.03	0.02
THR	CA	TRP	CA	-10.0	-10.0	-10.0	-10.0	-10.0	-10.0	-10.0	1.51	-1.8	-0.87	0.51	0.38	0.17	-0.11	-0.51	-0.59	-0.16	0.07	-0.07	0.13	0.21	0.07	0.03	0.01	0.04	-0.05	0.04	0.06	0.03	0.02
THR	CA	TYR	CA	-10.0	-10.0	-10.0	-10.0	-10.0	-5.11	-5.43	1.54	-1.79	-0.56	0.62	0.42	0.28	0.0	-0.37	-0.53	-0.17	0.06	0.05	0.23	0.27	0.14	0.08	0.03	0.04	0.01	0.07	0.1	0.05	0.02
THR	CA	VAL	CA	-10.0	-10.0	-10.0	-10.0	-10.0	-5.84	-6.15	1.56	-1.36	-0.61	0.45	0.44	0.44	0.14	-0.22	-0.45	-0.27	-0.01	-0.05	0.25	0.31	0.17	0.04	0.04	0.03	0.03	0.03	0.03	0.04	0.02
TRP	CA	ALA	CA	-10.0	-10.0	-10.0	-10.0	-10.0	-10.0	-3.93	1.37	-1.43	-0.35	0.8	0.44	0.23	-0.19	-0.48	-0.48	-0.16	0.13	-0.0	0.24	0.17	0.14	-0.08	0.03	0.05	-0.01	0.07	-0.01	0.08	0.02
TRP	CA	ARG	CA	-10.0	-10.0	-10.0	-10.0	-10.0	-10.0	-10.0	1.62	-1.06	-0.17	0.91	0.5	0.28	-0.16	-0.35	-0.45	-0.21	0.19	0.08	0.27	0.25	0.11	-0.11	0.06	0.1	0.05	0.1	0.11	0.14	0.02
TRP	CA	ASN	CA	-10.0	-10.0	-10.0	-10.0	-10.0	-10.0	-3.72	1.56	-1.78	-0.68	0.62	0.4	0.06	-0.09	-0.47	-0.49	-0.31	0.03	-0.09	0.06	0.12	-0.01	-0.05	-0.1	-0.02	-0.06	-0.04	-0.02	0.04	0.02
TRP	CA	ASP	CA	-10.0	-10.0	-10.0	-10.0	-10.0	-10.0	-10.0	1.67	-2.26	-0.95	0.6	0.31	0.12	-0.3	-0.52	-0.57	-0.26	0.02	0.0	0.11	0.18	0.04	-0.03	-0.02	0.01	0.02	0.02	0.07	0.1	0.02
TRP	CA	CYS	CA	-10.0	-10.0	-10.0	-10.0	-10.0	-10.0	-10.0	1.39	-1.19	0.02	0.66	0.6	0.33	-0.08	-0.28	-0.23	-0.01	0.24	0.22	0.19	0.3	0.06	0.07	-0.0	0.03	0.02	-0.03	0.12	0.13	0.02
TRP	CA	GLN	CA	-10.0	-10.0	-10.0	-10.0	-10.0	-10.0	-3.41	1.77	-0.92	-0.58	0.9	0.63	0.4	-0.08	-0.47	-0.38	-0.23	0.22	0.03	0.23	0.19	0.13	0.02	0.03	0.05	0.05	0.13	0.05	0.15	0.02
TRP	CA	GLU	CA	-10.0	-10.0	-10.0	-10.0	-10.0	-10.0	-10.0	1.7	-1.88	-0.63	0.88	0.39	0.2	-0.25	-0.66	-0.66	-0.31	0.11	0.0	0.16	0.12	0.04	-0.04	0.07	0.09	0.03	0.04	0.1	0.12	0.02
TRP	CA	GLY	CA	-10.0	-10.0	-10.0	-10.0	-10.0	-10.0	-10.0	1.47	-0.91	-0.22	0.44	0.3	0.08	-0.08	-0.37	-0.44	-0.25	0.07	0.03	0.06	0.03	-0.08	-0.1	-0.12	-0.0	-0.02	0.03	0.06	0.0	0.02
TRP	CA	HIS	CA	-10.0	-10.0	-10.0	-10.0	-10.0	-10.0	-3.81	1.58	-2.01	-0.77	0.82	0.42	0.25	-0.06	-0.29	-0.44	-0.1	0.08	0.16	0.26	0.28	0.11	0.05	0.07	0.07	0.04	0.07	0.07	0.02	0.02
TRP	CA	ILE	CA	-10.0	-10.0	-10.0	-10.0	-10.0	-10.0	-4.6	1.31	-1.57	-0.24	0.36	0.36	0.3	0.03	-0.39	-0.42	-0.22	0.07	0.05	0.22	0.37	0.27	0.16	0.13	0.08	0.01	0.1	0.03	0.08	0.02
TRP	CA	LEU	CA	-10.0	-10.0	-10.0	-10.0	-10.0	-10.0	-10.0	1.35	-1.6	-0.33	0.67	0.36	0.3	-0.17	-0.19	-0.35	-0.07	0.09	0.11	0.29	0.4	0.19	0.19	0.17	0.16	0.14	0.1	0.06	0.05	0.02
TRP	CA	LYS	CA	-10.0	-10.0	-10.0	-10.0	-10.0	-10.0	-10.0	1.7	-1.36	-0.35	0.91	0.48	0.22	-0.08	-0.54	-0.56	-0.14	0.07	0.02	0.1	0.18	0.06	-0.06	-0.03	0.02	0.02	-0.01	-0.01	0.1	0.02
TRP	CA	MET	CA	-10.0	-10.0	-10.0	-10.0	-10.0	-10.0	-10.0	1.25	-1.44	-0.26	0.66	0.34	0.32	0.09	-0.35	-0.42	-0.06	0.18	0.21	0.39	0.39	0.16	0.09	0.15	0.2	0.12	0.13	0.1	0.05	0.02
TRP	CA	PHE	CA	-10.0	-10.0	-10.0	-10.0	-10.0	-10.0	-10.0	1.32	-1.24	-0.08	0.49	0.38	0.33	0.0	-0.32	-0.33	-0.09	0.26	0.19	0.27	0.31	0.26	0.15	0.13	0.15	0.14	0.1	0.13	0.19	0.02
TRP	CA	PRO	CA	-10.0	-10.0	-10.0	-10.0	-10.0	-1.1	-2.8	1.31	-1.11	-0.7	0.12	0.23	0.39	0.07	-0.04	-0.15	0.04	0.12	0.13	0.19	0.17	0.08	-0.01	-0.03	-0.01	-0.02	-0.02	-0.01	0.06	0.02
TRP	CA	SER	CA	-10.0	-10.0	-10.0	-10.0	-10.0	-3.23	-4.65	1.62	-1.41	-0.46	0.71	0.44	0.14	-0.26	-0.47	-0.61	-0.15	0.09	0.11	0.12	0.2	0.06	-0.08	-0.01	0.07	0.04	0.02	0.1	0.12	0.02
TRP	CA	THR	CA	-10.0	-10.0	-10.0	-10.0	-10.0	-10.0	-10.0	1.51	-1.8	-0.87	0.51	0.38	0.17	-0.11	-0.51	-0.59	-0.16	0.07	-0.07	0.13	0.21	0.07	0.03	0.01	0.04	-0.05	0.04	0.06	0.03	0.02
TRP	CA	TRP	CA	-10.0	-10.0	-10.0	-10.0	-10.0	-10.0	-10.0	1.18	-0.89	-0.08	0.67	0.19	0.39	0.11	-0.36	-0.61	-0.07	-0.02	0.18	0.3	0.24	0.09	0.15	0.26	0.15	0.23	0.08	0.17	0.13	0.02
TRP	CA	TYR	CA	-10.0	-10.0	-10.0	-10.0	-10.0	-10.0	-10.0	1.45	-1.04	-0.27	0.6	0.48	0.17	-0.13	-0.29	-0.41	-0.13	0.06	0.12	0.23	0.19	0.16	0.11	0.03	0.09	0.13	0.06	0.03	0.08	0.02
TRP	CA	VAL	CA	-10.0	-10.0	-10.0	-10.0	-10.0	-10.0	-10.0	1.27	-1.84	-0.34	0.49	0.38	0.39	-0.01	-0.37	-0.57	-0.29	-0.06	0.03	0.25	0.29	0.25	0.08	0.04	0.04	0.02	-0.03	0.0	-0.01	0.02
TYR	CA	ALA	CA	-10.0	-10.0	-10.0	-10.0	-10.0	-10.0	-5.83	1.41	-1.21	-0.31	0.83	0.45	0.33	-0.16	-0.43	-0.52	-0.15	0.17	0.05	0.2	0.22	0.09	-0.04	-0.01	0.03	-0.01	0.04	0.04	0.07	0.02
TYR	CA	ARG	CA	-10.0	-10.0	-10.0	-10.0	-10.0	-10.0	-10.0	1.63	-1.22	-0.33	0.75	0.51	0.32	-0.09	-0.44	-0.59	-0.16	0.08	-0.09	0.16	0.17	0.04	-0.04	-0.01	-0.01	-0.0	0.03	0.03	0.05	0.02
TYR	CA	ASN	CA	-10.0	-10.0	-10.0	-10.0	-10.0	-10.0	-5.19	1.58	-1.69	-0.66	0.58	0.47	0.21	-0.04	-0.38	-0.44	-0.12	0.07	-0.05	0.19	0.17	0.07	-0.0	-0.0	-0.01	0.01	-0.0	0.04	0.04	0.02
TYR	CA	ASP	CA	-10.0	-10.0	-10.0	-10.0	-10.0	-10.0	-10.0	1.69	-2.2	-1.01	0.57	0.44	0.1	-0.16	-0.53	-0.49	-0.21	0.11	0.04	0.18	0.21	0.09	0.03	-0.0	0.03	0.04	0.07	0.02	0.11	0.02
TYR	CA	CYS	CA	-10.0	-10.0	-10.0	-10.0	-10.0	-10.0	-10.0	1.48	-1.17	-0.22	0.71	0.76	0.4	0.24	-0.27	-0.2	0.01	0.21	0.05	0.31	0.29	0.27	0.03	0.02	0.02	0.02	0.06	-0.02	0.06	0.02
TYR	CA	GLN	CA	-10.0	-10.0	-10.0	-10.0	-10.0	-10.0	-10.0	1.61	-1.83	-0.62	0.86	0.42	0.21	-0.21	-0.56	-0.66	-0.26	0.1	-0.06	0.12	0.22	0.04	-0.07	-0.0	0.03	0.0	0.02	0.05	0.09	0.02
TYR	CA	GLU	CA	-10.0	-10.0	-10.0	-10.0	-10.0	-10.0	-4.71	1.58	-1.49	-0.57	0.77	0.47	0.11	-0.3	-0.59	-0.56	-0.24	0.11	-0.06	0.13	0.17	0.11	-0.01	0.01	0.04	0.05	0.04	0.07	0.1	0.02
TYR	CA	GLY	CA	-10.0	-10.0	-10.0	-10.0	-10.0	-10.0	-10.0	1.58	-0.68	-0.21	0.52	0.42	0.15	-0.07	-0.33	-0.38	-0.14	0.03	0.03	0.12	0.11	0.01	-0.1	-0.05	-0.03	-0.01	0.03	0.03	0.06	0.02
TYR	CA	HIS	CA	-10.0	-10.0	-10.0	-10.0	-10.0	-10.0	-10.0	1.47	-1.79	-0.22	0.52	0.42	0.25	-0.01	-0.57	-0.48	-0.14	0.04	0.01	0.16	0.25	0.04	-0.03	-0.03	-0.02	0.0	0.03	0.01	0.01	0.02
TYR	CA	ILE	CA	-10.0	-10.0	-10.0	-10.0	-10.0	-10.0	-10.0	1.37	-1.5	-0.19	0.59	0.42	0.45	0.19	-0.24	-0.37	-0.13	0.1	0.1	0.28	0.37	0.25	0.08	0.06	0.08	0.09	0.05	0.02	0.04	0.02
TYR	CA	LEU	CA	-10.0	-10.0	-10.0	-10.0	-10.0	-10.0	-10.0	1.41	-1.59	-0.28	0.71	0.43	0.4	0.04	-0.35	-0.32	-0.12	0.14	0.08	0.31	0.33	0.25	0.14	0.1	0.12	0.07	0.06	0.03	0.07	0.02
TYR	CA	LYS	CA	-10.0	-10.0	-10.0	-10.0	-10.0	-10.0	-4.6	1.59	-1.02	-0.31	0.88	0.52	0.33	0.04	-0.49	-0.53	-0.22	0.11	-0.05	0.16	0.13	0.05	-0.01	0.02	0.06	-0.01	0.05	0.04	0.11	0.02
TYR	CA	MET	CA	-10.0	-10.0	-10.0	-10.0	-10.0	-10.0	-10.0	1.27	-1.43	-0.22	0.79	0.35	0.32	-0.11	-0.38	-0.35	-0.12	0.08	0.1	0.28	0.31	0.23	0.12	0.11	0.09	0.05	0.06	0.08	0.02	0.02
TYR	CA	PHE	CA	-10.0	-10.0	-10.0	-10.0	-10.0	-10.0	-10.0	1.41	-1.3	-0.29	0.52	0.42	0.26	-0.02	-0.31	-0.4	-0.14	0.12	0.09	0.27	0.29	0.15	0.04	0.04	0.05	0.03	0.02	0.04	0.04	0.02
TYR	CA	PRO	CA	-10.0	-10.0	-10.0	-10.0	-10.0	-0.93	-2.33	1.61	-0.89	-0.6	0.25	0.41	0.44	0.16	-0.09	-0.1	0.0	0.2	0.19	0.21	0.22	0.08	0.05	0.04	0.06	0.06	0.09	0.01	0.03	0.02
TYR	CA	SER	CA	-10.0	-10.0	-10.0	-10.0	-10.0	-10.0	-4.81	1.55	-1.52	-0.62	0.76	0.39	0.15	-0.2	-0.46	-0.44	-0.24	0.06	-0.02	0.15	0.16	0.04	-0.01	-0.02	-0.03	-0.0	0.04	0.04	0.04	0.02
TYR	CA	THR	CA	-10.0	-10.0	-10.0	-10.0	-10.0	-5.11	-5.43	1.54	-1.79	-0.56	0.62	0.42	0.28	0.0	-0.37	-0.53	-0.17	0.06	0.05	0.23	0.27	0.14	0.08	0.03	0.04	0.01	0.07	0.1	0.05	0.02
TYR	CA	TRP	CA	-10.0	-10.0	-10.0	-10.0	-10.0	-10.0	-10.0	1.45	-1.04	-0.27	0.6	0.48	0.17	-0.13	-0.29	-0.41	-0.13	0.06	0.12	0.23	0.19	0.16	0.11	0.03	0.09	0.13	0.06	0.03	0.08	0.02
TYR	CA	TYR	CA	-10.0	-10.0	-10.0	-10.0	-10.0	-10.0	-4.47	1.41	-1.19	-0.14	0.63	0.52	0.24	0.04	-0.33	-0.51	-0.14	-0.02	0.02	0.23	0.3	0.15	-0.01	0.07	-0.02	-0.02	0.09	-0.04	0.04	0.02
TYR	CA	VAL	CA	-10.0	-10.0	-10.0	-10.0	-10.0	-10.0	-5.71	1.38	-1.56	-0.24	0.54	0.4	0.53	0.21	-0.29	-0.36	-0.2	0.04	0.11	0.34	0.37	0.2	0.08	0.09	0.05	0.01	0.03	0.04	0.07	0.02
VAL	CA	ALA	CA	-10.0	-10.0	-10.0	-10.0	-10.0	-6.31	-6.63	1.43	-1.25	-0.36	0.8	0.53	0.49	0.24	-0.21	-0.51	-0.25	0.1	0.08	0.33	0.31	0.21	0.05	0.03	0.05	0.01	-0.01	0.01	0.08	0.02
VAL	CA	ARG	CA	-10.0	-10.0	-10.0	-10.0	-10.0	-10.0	-10.0	1.56	-1.72	-0.77	0.64	0.47	0.42	0.01	-0.51	-0.75	-0.38	0.05	-0.04	0.27	0.28	0.16	0.03	0.03	0.04	0.05	0.07	0.05	0.08	0.02
VAL	CA	ASN	CA	-10.0	-10.0	-10.0	-10.0	-10.0	-10.0	-5.85	1.58	-2.1	-0.88	0.34	0.39	0.31	-0.04	-0.51	-0.69	-0.4	0.01	-0.1	0.15	0.21	0.07	-0.03	-0.05	-0.02	-0.02	0.03	-0.01	0.04	0.02
VAL	CA	ASP	CA	-10.0	-10.0	-10.0	-10.0	-10.0	-10.0	-10.0	1.6	-2.27	-1.2	0.48	0.41	0.25	-0.02	-0.56	-0.83	-0.42	-0.05	-0.12	0.15	0.21	0.06	-0.0	-0.0	0.02	0.0	0.05	0.04	0.05	0.02
VAL	CA	CYS	CA	-10.0	-10.0	-10.0	-10.0	-10.0	-10.0	-10.0	1.43	-1.17	-0.2	0.65	0.53	0.67	0.37	0.01	-0.16	-0.01	0.14	0.21	0.39	0.43	0.31	0.07	0.05	0.08	0.09	0.05	0.04	0.06	0.02
VAL	CA	GLN	CA	-10.0	-10.0	-10.0	-10.0	-10.0	-10.0	-10.0	1.51	-1.86	-0.74	0.65	0.4	0.37	-0.09	-0.56	-0.71	-0.37	-0.0	-0.08	0.25	0.27	0.07	-0.01	0.0	0.04	0.05	0.06	0.01	0.09	0.02
VAL	CA	GLU	CA	-10.0	-10.0	-10.0	-10.0	-10.0	-10.0	-10.0	1.58	-1.95	-0.99	0.65	0.39	0.24	-0.14	-0.73	-0.87	-0.48	-0.02	-0.17	0.15	0.21	0.05	-0.05	-0.06	-0.03	-0.0	0.01	0.03	0.09	0.02
VAL	CA	GLY	CA	-10.0	-10.0	-10.0	-10.0	-10.0	-10.0	-10.0	1.4	-1.11	-0.34	0.44	0.39	0.22	-0.05	-0.5	-0.56	-0.24	0.0	0.07	0.19	0.2	0.09	-0.01	-0.06	-0.03	0.01	0.03	0.05	0.06	0.02
VAL	CA	HIS	CA	-10.0	-10.0	-10.0	-10.0	-10.0	-10.0	-10.0	1.31	-1.9	-0.58	0.5	0.37	0.39	0.02	-0.44	-0.62	-0.35	-0.03	-0.05	0.22	0.25	0.14	0.03	0.04	0.04	-0.02	0.06	0.04	0.11	0.02
VAL	CA	ILE	CA	-10.0	-10.0	-10.0	-10.0	-10.0	-10.0	-6.22	1.37	-1.45	0.26	0.47	0.46	0.67	0.29	0.16	-0.03	-0.01	0.11	0.13	0.46	0.47	0.32	0.16	0.12	0.12	0.05	0.02	-0.0	0.06	0.02
VAL	CA	LEU	CA	-10.0	-10.0	-10.0	-10.0	-10.0	-10.0	-10.0	1.35	-2.09	0.05	0.54	0.36	0.65	0.21	-0.02	-0.13	-0.03	0.23	0.21	0.41	0.44	0.3	0.19	0.13	0.14	0.07	0.05	0.03	0.05	0.02
VAL	CA	LYS	CA	-10.0	-10.0	-10.0	-10.0	-10.0	-10.0	-10.0	1.67	-1.84	-0.74	0.71	0.43	0.44	0.01	-0.54	-0.66	-0.37	0.08	-0.03	0.23	0.29	0.13	0.02	0.01	0.05	0.05	0.06	0.08	0.1	0.02
VAL	CA	MET	CA	-10.0	-10.0	-10.0	-10.0	-10.0	-10.0	-10.0	1.41	-1.48	-0.12	0.63	0.4	0.61	0.09	-0.13	-0.47	-0.09	0.14	0.07	0.41	0.4	0.26	0.14	0.11	0.13	0.09	0.04	0.01	0.08	0.02
VAL	CA	PHE	CA	-10.0	-10.0	-10.0	-10.0	-10.0	-10.0	-10.0	1.38	-1.39	-0.13	0.51	0.37	0.53	0.26	-0.26	-0.26	-0.17	0.1	0.11	0.36	0.44	0.26	0.16	0.07	0.06	0.07	0.06	0.05	0.05	0.02
VAL	CA	PRO	CA	-10.0	-10.0	-10.0	-10.0	-10.0	-2.2	-3.77	1.6	-1.52	-0.84	0.11	0.34	0.43	0.23	-0.19	-0.37	-0.2	0.05	0.07	0.23	0.23	0.14	0.09	0.05	0.07	0.04	0.08	0.06	0.08	0.02
VAL	CA	SER	CA	-10.0	-10.0	-10.0	-10.0	-10.0	-10.0	-10.0	1.48	-1.68	-0.75	0.49	0.42	0.25	0.02	-0.47	-0.65	-0.38	-0.05	-0.05	0.18	0.26	0.12	-0.01	-0.02	0.01	0.0	0.03	0.04	0.06	0.02
VAL	CA	THR	CA	-10.0	-10.0	-10.0	-10.0	-10.0	-5.84	-6.15	1.56	-1.36	-0.61	0.45	0.44	0.44	0.14	-0.22	-0.45	-0.27	-0.01	-0.05	0.25	0.31	0.17	0.04	0.04	0.03	0.03	0.03	0.03	0.04	0.02
VAL	CA	TRP	CA	-10.0	-10.0	-10.0	-10.0	-10.0	-10.0	-10.0	1.27	-1.84	-0.34	0.49	0.38	0.39	-0.01	-0.37	-0.57	-0.29	-0.06	0.03	0.25	0.29	0.25	0.08	0.04	0.04	0.02	-0.03	0.0	-0.01	0.02
VAL	CA	TYR	CA	-10.0	-10.0	-10.0	-10.0	-10.0	-10.0	-5.71	1.38	-1.56	-0.24	0.54	0.4	0.53	0.21	-0.29	-0.36	-0.2	0.04	0.11	0.34	0.37	0.2	0.08	0.09	0.05	0.01	0.03	0.04	0.07	0.02
VAL	CA	VAL	CA	-10.0	-10.0	-10.0	-10.0	-10.0	-10.0	-10.0	1.48	-1.26	0.36	0.52	0.63	0.78	0.46	0.26	0.01	0.03	0.07	0.12	0.47	0.52	0.35	0.19	0.12	0.11	0.07	0.03	0.02	0.07	0.02
